173
67
104
139
141
107
109
69
159
149
67
87
53
64
89
25
160
117
209
121
133
82
83
113
151
115
115
173
113
67
150
89
35
78
71
143
79
24
105
115
131
61
100
135
89
162
85
101
51
135
131
99
115
99
81
99
83
133
127
81
103
137
140
133
81
167
83
87
135
77
145
93
103
79
105
84
117
101
125
37
91
10
55
57
45
183
183
130
152
59
125
147
87
92
87
63
47
145
133
107
77
72
151
129
52
141
133
103
117
103
85
159
89
125
67
83
133
39
151
43
143
85
141
165
123
13
109
89
149
21
93
147
75
107
107
145
141
152
105
121
105
75
89
93
165
153
144
123
116
79
108
119
153
132
125
133
133
117
33
98
95
156
123
89
97
93
133
84
133
117
57
125
89
161
184
27
131
73
98
191
129
141
143
91
39
29
161
109
119
29
149
111
87
155
79
171
105
81
55
86
149
137
129
95
127
55
82
87
141
165
148
58
39
197
165
109
62
2
87
129
117
75
75
99
111
99
149
133
99
107
89
127
117
41
60
75
87
110
163
117
130
47
131
157
177
115
136
101
25
117
109
117
135
167
141
175
127
87
106
73
153
90
153
71
131
153
57
59
111
79
129
131
169
148
89
99
119
180
85
105
105
73
108
113
137
153
169
131
125
118
67
117
51
137
117
108
161
93
163
113
148
139
62
109
102
80
127
75
105
54
176
139
131
153
159
47
128
87
73
97
128
144
107
143
111
181
148
121
113
133
65
98
135
155
99
187
153
39
72
145
37
95
143
76
102
203
171
139
83
117
149
120
129
159
101
117
84
149
113
49
93
77
112
234
201
171
83
99
149
161
177
106
69
3
155
83
143
116
107
115
105
109
33
107
125
155
73
70
131
121
146
103
72
149
139
131
141
91
116
101
123
67
119
155
101
143
89
70
167
133
115
147
93
145
105
123
111
109
129
103
105
108
151
105
89
81
145
17
89
153
169
101
123
99
140
135
191
101
23
119
175
107
141
55
157
85
165
106
166
99
101
122
166
65
67
129
131
131
111
83
144
103
155
109
149
51
58
107
114
89
113
117
138
171
141
84
105
115
148
132
94
146
145
161
109
133
68
151
135
195
123
109
151
74
51
142
152
104
131
127
29
139
109
101
97
77
169
103
107
131
90
23
34
157
153
134
113
72
163
147
123
137
95
41
113
37
177
117
106
161
91
102
41
132
67
173
37
94
147
135
101
43
127
109
75
32
107
147
127
95
104
151
117
117
87
129
109
73
117
156
42
79
27
29
128
81
121
86
113
83
99
91
101
69
109
92
55
107
11
95
105
119
132
115
105
110
175
99
159
104
197
127
135
143
125
127
97
99
153
93
95
75
123
103
59
87
139
117
167
62
75
119
111
127
137
91
36
124
131
177
59
17
130
111
113
103
103
145
97
121
101
125
137
77
120
71
129
126
113
141
137
95
149
90
55
137
115
111
77
99
70
127
127
137
107
101
105
72
96
85
111
153
53
143
107
79
125
91
99
129
157
97
105
129
107
137
23
149
97
105
91
132
127
97
57
116
159
187
129
67
97
197
57
150
121
147
165
121
75
105
118
79
109
225
113
131
77
111
11
83
151
108
85
161
71
73
105
124
37
163
89
59
97
152
65
99
161
135
106
121
117
179
78
166
94
151
195
47
145
165
77
185
139
139
113
103
11
80
97
163
81
163
123
67
113
86
67
87
83
165
153
85
118
121
63
86
205
113
73
177
137
97
117
125
77
130
135
45
105
111
131
109
101
99
69
144
109
91
119
109
49
117
69
149
159
77
133
71
93
137
124
102
85
3
81
150
109
121
29
137
169
229
65
129
181
159
111
114
109
85
57
105
41
89
93
139
17
129
177
123
131
121
135
125
177
177
138
115
113
55
109
107
129
77
105
128
113
127
3
107
118
150
111
139
174
167
131
103
41
45
67
162
161
63
26
121
73
59
187
88
87
75
75
153
82
101
156
85
167
103
119
119
107
89
115
133
155
117
127
105
67
111
125
127
149
80
108
104
59
108
163
91
124
21
121
111
113
95
87
69
121
87
161
155
130
105
156
97
111
99
149
119
135
95
92
85
87
105
137
153
161
95
133
71
113
141
165
87
78
125
79
87
93
69
139
120
137
61
167
99
79
141
81
101
124
60
145
99
50
89
3
92
161
25
65
83
167
99
159
131
159
103
135
169
113
133
27
113
91
137
53
115
134
121
63
88
111
141
105
95
105
105
83
117
79
27
83
150
139
82
95
65
77
169
106
102
91
129
133
133
103
139
117
39
145
125
137
83
81
75
123
162
151
111
106
153
125
83
127
85
92
92
111
89
110
47
103
106
90
117
109
71
87
115
154
99
81
101
97
129
105
77
114
183
90
113
153
151
105
116
75
106
163
87
149
85
63
175
147
89
181
109
61
120
63
175
129
131
130
154
109
90
161
84
69
160
42
125
91
48
146
103
85
139
79
121
138
91
109
113
97
67
161
115
74
111
151
112
99
93
133
144
103
181
139
107
137
167
135
83
120
87
128
167
109
117
123
91
107
87
89
157
185
76
124
143
101
134
96
103
85
59
127
161
120
147
87
134
163
74
64
155
95
91
35
142
125
229
97
121
151
125
79
117
121
181
115
119
131
83
161
115
141
83
211
93
109
119
109
109
147
97
129
81
131
169
151
79
105
113
171
101
97
179
125
166
123
53
109
131
143
175
106
85
139
109
153
151
141
46
121
83
123
131
87
111
85
121
133
85
159
115
77
99
179
117
120
29
119
107
94
117
79
143
133
79
145
133
88
83
89
87
183
107
108
135
123
131
148
72
146
162
145
151
111
117
62
131
106
71
83
68
121
171
151
155
81
135
141
83
113
135
115
89
154
111
117
65
11
99
111
141
125
111
167
105
95
61
91
121
89
105
89
93
61
103
127
131
69
113
192
101
121
107
95
127
133
120
201
177
45
57
149
93
91
119
85
93
103
121
79
117
89
213
157
165
119
149
120
59
63
124
115
35
131
89
93
133
86
105
145
95
153
125
147
161
103
84
71
147
151
15
83
133
91
93
111
87
153
113
103
109
91
35
87
90
83
149
49
97
109
119
141
155
124
145
193
56
115
129
184
87
97
147
29
99
162
105
105
125
179
97
87
103
124
168
143
169
113
186
29
137
136
131
179
129
109
44
91
77
99
69
145
117
207
97
90
51
115
124
119
103
129
93
89
110
117
77
89
84
141
73
127
65
111
100
168
149
115
74
125
107
35
104
98
101
152
82
115
75
18
103
107
84
169
99
117
115
91
77
62
167
123
169
117
87
157
95
81
72
99
167
135
157
107
219
99
129
135
85
177
89
179
165
85
166
101
117
71
174
143
109
115
131
98
101
111
103
73
177
87
78
151
111
75
177
111
55
131
99
111
155
101
115
101
69
79
91
90
139
147
73
111
129
97
157
77
77
85
105
89
127
75
81
97
53
134
165
121
95
181
100
138
97
97
103
137
109
120
91
77
27
183
131
107
185
103
191
91
77
91
125
131
185
91
123
47
125
127
193
112
95
157
153
97
141
77
58
113
129
152
63
127
107
116
101
123
83
63
131
123
95
107
71
89
157
112
149
167
188
99
104
117
97
145
177
87
30
119
149
147
151
133
91
109
111
85
173
101
63
23
40
105
115
139
83
47
71
123
119
59
179
130
103
63
127
79
59
81
149
87
90
81
51
101
109
126
63
111
157
52
143
141
58
98
143
97
79
131
68
101
145
123
137
99
151
107
61
183
134
110
171
83
3
105
139
125
122
143
113
124
130
95
107
192
119
137
118
135
41
92
109
127
147
137
132
107
81
75
157
83
105
129
53
71
151
80
79
57
105
115
79
56
119
111
122
175
121
161
59
84
124
108
88
79
103
122
120
112
179
83
108
141
93
80
123
115
57
125
131
143
75
113
114
115
113
121
113
54
107
123
79
134
17
93
99
73
122
111
171
123
154
117
117
79
71
117
163
109
105
129
75
93
149
103
147
131
165
56
109
63
147
161
151
127
153
189
89
96
79
137
51
85
139
107
110
131
19
150
129
124
83
143
115
163
141
95
68
82
112
109
84
121
193
127
85
97
87
139
110
107
75
103
101
105
29
133
90
101
87
175
105
129
91
85
122
116
117
125
101
131
73
139
108
116
111
181
91
107
145
81
109
127
173
147
181
73
123
122
111
131
111
127
115
67
89
143
121
87
83
61
123
139
111
89
93
101
153
135
105
79
115
29
85
73
79
111
89
85
127
63
61
94
127
77
101
131
115
90
101
109
141
87
107
108
120
151
155
107
53
155
77
79
97
129
71
101
150
97
157
147
40
67
99
149
11
96
141
120
101
117
131
115
107
90
42
141
145
73
67
115
123
121
85
87
122
138
159
107
113
111
91
123
117
135
91
73
77
147
61
85
125
155
129
145
142
121
77
125
86
87
111
111
138
127
105
122
181
105
93
197
35
134
102
123
139
79
61
111
103
101
103
73
145
51
225
77
48
125
111
157
85
135
135
103
63
145
83
41
141
143
125
47
87
171
64
76
107
113
3
97
97
141
109
72
115
109
123
69
154
87
161
147
114
111
106
89
152
90
136
65
33
95
118
103
143
131
89
139
125
99
118
107
107
153
145
147
78
91
61
153
109
95
143
21
115
119
129
125
85
109
123
88
161
107
219
95
97
60
79
145
83
113
181
99
85
99
120
107
113
116
119
8
35
196
140
80
43
197
70
161
167
107
107
63
93
59
129
99
135
123
129
105
87
103
39
109
121
117
119
73
95
149
110
7
126
147
143
71
55
93
33
89
105
119
75
123
49
115
121
139
107
163
117
62
125
131
137
75
161
109
89
133
81
101
121
89
155
23
141
91
40
93
93
89
142
87
77
131
119
149
105
105
159
101
127
101
117
83
85
127
136
133
161
169
131
139
165
43
77
119
101
97
93
113
61
124
117
117
60
91
77
93
67
117
70
65
85
67
163
117
107
101
121
62
89
121
86
131
99
103
71
75
93
137
111
65
81
129
97
113
117
197
45
112
99
99
141
145
79
102
111
141
191
149
3
84
13
99
149
83
81
59
111
59
99
113
73
101
113
109
71
163
134
123
149
147
119
115
127
155
109
169
166
81
113
163
83
97
107
87
173
59
161
61
111
92
95
125
143
133
144
83
129
70
65
91
137
85
137
146
103
93
170
109
83
91
71
167
93
81
60
85
103
60
115
103
95
67
47
162
111
69
3
51
143
59
110
150
95
109
97
81
116
100
101
121
127
91
101
130
99
103
161
166
135
93
67
73
127
157
126
135
47
83
135
77
72
169
129
139
99
165
59
123
153
91
206
143
116
127
110
85
85
87
111
71
155
107
89
143
97
99
138
95
67
67
71
137
151
155
159
109
55
91
101
69
134
162
129
83
85
81
123
119
151
81
125
111
127
95
83
73
92
81
65
106
93
127
121
111
148
93
131
135
71
57
157
81
119
121
119
119
83
139
125
193
121
74
167
169
183
149
135
109
221
94
97
157
159
119
110
125
129
129
39
87
75
75
77
85
85
81
137
153
93
75
99
93
74
80
99
80
113
103
57
153
123
115
77
78
81
85
131
85
123
163
101
68
99
143
109
119
123
100
131
128
129
139
121
109
109
66
93
173
181
112
157
31
103
105
137
155
105
61
81
133
71
127
111
229
165
87
123
83
131
107
6
73
91
103
133
127
139
93
99
108
116
85
20
129
99
39
28
109
55
97
213
109
64
57
121
117
136
77
117
82
121
103
155
111
53
130
149
105
54
93
105
93
97
115
131
99
113
159
153
135
121
141
92
85
114
165
143
158
101
81
87
79
135
109
91
116
93
93
156
111
32
138
109
108
139
75
106
93
173
117
151
143
109
45
83
77
9
53
55
179
107
153
115
60
105
113
127
41
69
114
75
101
119
115
113
123
67
75
89
72
152
107
105
143
123
127
52
103
97
129
135
105
111
133
123
73
95
117
81
99
139
121
163
123
133
153
99
165
19
147
45
144
133
81
117
79
87
107
64
150
43
157
45
119
123
151
105
95
192
88
79
95
61
73
63
121
117
51
166
149
109
86
95
41
122
119
59
173
127
103
73
113
133
163
113
75
111
117
125
117
94
117
101
155
183
65
80
57
73
84
61
135
71
121
81
69
95
137
115
85
75
101
101
109
137
81
93
127
79
67
77
85
78
123
97
133
95
102
121
79
133
165
129
137
35
113
67
135
135
95
123
137
109
129
124
55
89
141
117
109
92
143
149
99
105
137
95
121
117
179
131
187
87
131
115
90
141
197
103
55
85
101
159
110
64
107
131
143
111
139
139
108
45
94
157
133
125
73
103
109
61
113
103
65
83
101
149
85
109
147
95
109
99
149
133
117
119
105
46
205
131
137
169
119
143
159
131
93
133
147
93
89
89
113
86
121
153
103
171
109
171
43
131
120
139
105
135
20
117
135
159
109
3
103
161
37
83
123
129
99
153
139
39
95
131
159
53
139
135
67
143
149
115
64
105
81
117
169
66
110
113
64
108
117
125
45
98
147
139
109
122
109
102
107
115
169
147
113
67
111
67
18
175
75
67
119
172
69
111
114
143
66
83
107
137
117
123
121
173
119
155
179
45
143
131
145
137
135
131
74
113
123
129
141
125
165
97
129
110
119
53
157
89
143
181
102
103
127
69
111
101
141
191
133
135
178
111
97
149
81
125
101
131
99
81
83
47
141
114
67
57
158
101
97
86
77
90
122
145
113
123
117
77
87
103
86
85
115
175
93
111
119
86
137
172
139
18
109
131
93
153
115
69
131
119
73
155
70
99
93
101
111
129
57
87
71
11
107
115
71
83
136
95
115
83
83
79
117
88
91
133
155
91
91
153
93
98
83
85
141
171
118
164
121
165
85
85
127
201
116
137
123
131
124
113
153
171
211
117
155
102
83
77
97
116
107
95
93
65
131
87
90
70
149
71
133
107
147
43
135
59
93
69
115
127
73
99
111
104
119
143
69
81
158
109
147
93
119
49
123
119
118
93
145
75
134
107
161
143
115
170
163
95
147
143
129
80
147
161
77
141
127
87
131
169
187
133
147
133
83
137
179
59
45
97
85
109
75
179
111
133
27
119
93
27
47
91
137
77
198
109
93
61
149
93
97
79
107
127
143
75
73
97
95
131
117
119
149
106
77
161
77
33
27
129
120
99
93
117
151
145
141
85
132
75
110
109
166
89
65
79
111
119
127
117
61
143
97
3
221
99
61
109
97
9
129
95
87
117
59
103
129
135
155
135
86
115
157
103
55
124
95
41
87
123
93
185
154
53
81
99
185
103
103
143
161
113
41
115
47
101
83
177
95
63
153
73
90
75
157
117
99
113
39
117
145
66
98
101
100
131
137
129
117
123
191
89
155
137
141
123
173
117
99
133
77
133
159
97
131
75
82
136
113
87
37
111
146
141
149
86
111
145
74
165
90
171
145
165
114
142
133
201
101
103
123
139
86
107
78
57
139
76
173
99
89
127
29
138
109
171
41
159
107
97
155
135
118
169
123
131
62
177
190
135
119
127
103
115
67
111
105
117
72
75
119
114
117
187
95
134
119
67
141
134
48
167
103
137
143
151
137
109
134
113
135
117
147
131
137
3
91
133
117
99
106
155
107
111
71
147
152
125
115
86
130
49
61
67
97
143
107
78
129
31
126
119
121
105
155
98
127
121
119
69
117
87
178
121
119
65
97
58
133
65
135
153
163
83
101
81
133
91
119
97
147
131
149
47
91
99
66
133
107
79
71
144
55
65
143
81
152
85
107
109
145
97
116
87
41
77
135
113
82
97
141
69
99
117
111
151
73
63
89
119
73
112
105
99
143
111
127
131
109
67
194
147
129
175
57
77
72
163
125
195
145
171
99
42
91
145
159
114
27
127
110
133
91
121
141
157
141
144
119
69
80
142
103
101
157
151
52
130
168
119
81
73
99
153
155
75
181
155
155
81
115
115
63
125
49
163
139
81
96
130
114
155
27
93
75
101
77
119
141
96
77
45
115
105
67
147
129
72
110
107
171
101
155
121
151
83
144
155
83
93
91
104
167
69
175
123
119
117
103
141
97
103
125
3
136
95
91
115
11
143
110
110
111
85
71
35
143
123
143
127
81
155
103
99
107
143
131
135
127
11
114
123
120
137
129
98
72
175
125
99
118
51
107
141
138
80
149
66
183
143
91
165
141
51
149
103
117
53
145
127
133
147
111
73
123
83
103
119
75
107
123
101
114
125
75
113
127
69
82
133
183
121
153
149
159
99
132
149
73
104
71
127
145
105
135
163
97
105
53
99
120
163
71
85
109
90
81
95
101
49
87
151
105
89
121
41
123
107
115
87
26
92
101
113
95
101
91
41
183
87
82
36
132
93
161
98
57
89
99
73
95
86
167
125
171
41
113
75
161
143
85
128
147
117
97
97
159
61
111
141
86
122
99
107
113
59
115
87
72
115
133
65
110
129
93
108
147
81
159
149
130
115
86
67
143
189
83
119
151
87
143
121
155
103
105
108
123
91
115
147
117
132
81
109
113
121
107
139
129
105
101
91
113
137
105
93
105
145
167
105
93
121
89
135
101
83
149
83
87
155
135
153
115
171
83
110
103
123
101
95
125
72
115
89
129
31
171
109
71
123
88
171
95
118
122
72
71
81
151
131
149
105
162
97
115
121
163
67
189
125
117
109
139
166
68
145
109
127
83
83
80
182
115
101
109
93
87
107
78
123
88
85
183
67
140
59
129
185
88
109
111
63
129
119
59
131
97
83
105
89
93
73
136
159
85
89
85
61
33
117
161
139
161
174
75
83
81
195
127
107
111
82
71
117
101
147
79
161
137
159
68
169
117
89
146
83
175
11
135
16
151
171
147
92
97
153
185
103
131
154
113
121
115
156
131
105
112
117
121
103
105
127
123
117
77
115
98
71
67
138
60
73
51
113
101
51
113
87
178
92
137
33
135
193
65
161
107
107
135
73
87
105
137
81
91
154
90
11
133
3
57
99
80
89
75
125
89
143
11
61
169
73
159
95
97
165
92
121
93
117
83
67
29
80
89
87
145
161
123
125
129
116
77
129
91
153
107
152
103
109
157
95
90
119
157
45
111
109
93
139
107
129
101
129
83
47
67
71
141
59
64
89
39
132
101
118
71
105
69
109
107
123
113
98
73
139
155
121
106
125
17
79
76
61
93
97
55
173
131
75
56
95
137
123
97
155
93
111
99
65
101
91
152
58
131
108
72
105
81
107
91
87
117
127
131
75
132
127
53
125
143
103
81
155
112
151
115
135
159
127
99
109
79
155
177
88
49
189
141
142
11
109
129
89
193
141
139
92
125
118
91
131
179
85
103
131
61
151
133
139
96
109
134
79
103
125
151
156
91
107
57
17
36
131
56
122
59
83
62
129
125
113
129
113
55
35
123
137
79
99
115
115
95
127
121
191
87
193
146
90
86
76
25
147
95
85
149
105
78
153
109
99
176
137
137
115
130
51
83
112
58
105
89
116
43
142
150
97
151
117
107
95
120
117
111
115
145
122
111
103
87
51
179
131
153
79
89
57
199
119
158
129
81
113
157
125
109
143
71
155
135
135
103
135
77
185
133
107
102
109
3
167
53
53
101
133
85
165
116
96
74
101
81
181
156
41
49
70
141
86
104
81
139
171
79
155
89
97
107
125
161
107
51
77
85
125
101
135
95
49
119
147
109
91
125
144
29
55
103
137
115
181
71
149
85
101
125
26
83
171
151
132
37
89
103
143
105
162
93
143
84
137
159
143
133
113
166
117
59
155
151
127
109
113
137
97
68
111
89
96
83
83
105
136
59
54
149
171
187
113
139
91
63
159
120
111
163
67
59
127
71
99
85
129
94
171
131
155
101
123
129
115
133
11
117
81
85
85
105
85
122
108
121
95
159
17
49
111
124
127
91
137
199
39
40
153
85
133
59
123
143
41
87
104
136
103
103
135
97
147
155
124
129
111
85
69
139
68
71
58
79
173
177
3
102
137
65
125
65
116
137
110
102
191
99
88
117
120
73
57
141
107
107
103
85
165
93
91
113
93
165
118
143
57
131
103
177
147
129
133
67
97
137
132
121
111
126
121
93
175
183
117
111
203
85
49
50
103
129
147
61
80
109
103
19
151
65
145
108
105
100
185
78
105
117
183
85
166
109
167
101
165
135
103
123
159
131
80
60
81
142
105
123
86
95
91
89
87
137
173
136
11
125
27
115
31
167
97
117
143
118
192
141
93
95
155
153
111
109
45
125
195
87
125
106
97
93
83
104
135
168
116
161
117
101
171
81
101
36
115
191
101
117
81
136
79
105
113
101
93
105
67
93
155
169
77
77
139
145
81
81
120
153
121
130
115
155
107
113
83
92
147
135
129
71
135
129
91
91
125
69
89
59
139
115
23
121
95
107
103
133
114
109
131
95
95
79
79
171
60
129
11
122
107
142
107
149
98
111
142
59
35
111
82
165
129
155
143
88
77
101
149
63
106
151
167
103
111
81
101
158
125
110
147
155
83
65
125
69
149
129
63
187
125
43
113
93
127
111
97
73
175
71
86
136
65
77
91
78
75
85
126
129
133
177
145
147
143
66
159
95
145
101
141
88
127
152
111
169
111
79
121
155
133
169
155
97
93
137
145
101
53
131
127
95
131
119
165
125
133
191
146
73
153
141
117
123
165
110
91
93
161
127
153
39
87
97
47
45
109
85
80
139
91
183
153
79
101
131
93
169
99
134
169
127
91
127
48
137
129
179
169
105
109
73
151
103
93
139
163
141
195
111
116
85
199
161
123
78
147
135
85
43
115
80
143
109
101
104
113
107
129
103
129
118
150
95
77
111
49
81
89
121
137
63
90
163
115
95
153
143
149
113
127
123
111
45
123
80
39
131
100
113
135
85
143
121
87
85
121
108
85
54
79
105
29
165
135
121
30
89
99
91
127
116
119
149
151
39
107
147
147
120
155
77
139
95
115
128
107
173
89
133
177
133
117
149
141
183
163
153
193
6
173
179
73
87
154
105
119
121
131
95
115
95
137
95
113
85
82
98
82
73
101
94
70
155
123
83
11
105
141
151
103
111
101
133
143
75
47
29
123
111
87
117
107
65
161
144
101
75
115
104
91
85
147
129
162
95
47
89
117
131
137
129
115
175
173
144
21
39
121
146
107
157
93
66
131
111
99
73
83
3
78
195
81
71
133
143
81
99
85
189
119
211
141
148
137
107
81
119
122
141
73
19
101
140
66
57
60
75
121
144
125
61
101
101
90
117
97
105
78
175
133
101
161
103
124
121
141
131
76
117
115
132
102
85
115
175
77
91
153
61
125
111
79
65
101
101
124
124
117
145
153
145
135
120
131
129
63
95
127
127
87
98
197
83
127
108
153
85
123
85
131
143
129
71
67
156
81
113
41
59
65
65
101
99
137
134
88
115
139
127
94
110
31
129
73
95
149
73
157
123
155
67
123
77
95
125
9
76
149
82
130
85
139
153
123
77
169
74
81
87
97
87
97
117
149
115
157
155
135
145
63
13
39
147
97
155
59
113
114
99
54
126
57
163
113
104
99
154
116
107
127
123
175
167
91
55
131
165
162
141
127
51
141
131
119
135
112
143
111
139
150
205
111
92
143
147
179
51
125
137
109
80
6
128
163
127
149
155
135
87
143
67
105
95
115
109
148
185
157
93
127
51
85
141
121
143
93
129
197
151
130
127
95
109
113
169
143
139
183
88
64
101
93
157
73
115
111
152
43
105
75
87
91
145
163
75
153
107
151
78
105
149
53
54
133
91
65
61
68
96
157
59
131
81
133
91
91
92
88
117
107
147
53
89
61
135
133
77
209
123
77
100
127
71
97
80
73
51
99
113
139
177
97
42
37
130
115
99
193
99
145
71
151
97
89
139
119
83
73
61
153
63
46
135
169
97
169
81
161
133
92
69
97
99
187
109
57
74
67
125
105
99
125
117
105
189
105
83
89
135
67
87
107
111
151
57
67
90
173
92
107
129
34
159
73
165
113
107
105
77
149
137
93
143
85
142
159
137
135
79
59
179
137
69
29
155
54
97
141
93
99
131
131
121
139
95
155
67
82
125
83
71
75
31
89
153
96
83
28
92
141
115
127
65
98
117
75
142
119
151
139
25
85
87
93
31
97
99
129
103
133
99
75
95
119
125
80
77
169
167
135
135
83
149
129
97
143
167
152
47
125
133
85
126
89
113
161
80
129
135
143
93
127
118
108
149
40
75
103
129
98
71
105
191
151
133
151
106
87
91
35
141
131
137
114
101
157
100
171
135
107
17
147
127
169
198
143
112
93
111
86
136
79
171
99
155
85
103
121
75
173
199
83
115
85
148
77
72
115
45
79
90
163
127
99
127
191
41
127
163
105
141
41
115
97
61
133
93
110
123
123
175
144
143
143
69
129
57
62
160
145
107
105
61
95
129
87
51
141
141
33
59
111
99
92
53
105
37
122
139
111
65
94
168
77
75
127
82
43
55
93
81
160
139
211
43
123
145
127
181
173
127
133
35
111
81
139
68
131
65
124
83
91
199
129
113
139
103
107
93
129
107
79
157
109
49
159
88
131
97
157
146
57
91
137
125
99
109
118
59
61
127
141
75
191
112
91
133
156
97
77
127
96
125
98
159
93
53
141
107
164
68
127
106
95
105
99
81
115
125
111
116
88
119
169
113
175
81
113
78
95
126
115
115
135
118
117
73
86
109
81
119
161
177
91
84
121
115
151
153
141
135
106
61
94
95
109
105
101
81
117
133
109
83
153
149
83
161
83
111
145
69
126
127
135
97
121
99
143
111
149
151
117
90
119
114
27
87
116
127
101
41
65
57
111
185
109
163
147
175
58
134
85
81
90
117
161
117
59
162
149
22
131
137
95
133
75
48
154
95
127
163
139
105
24
157
116
173
110
119
91
66
145
87
119
137
45
115
121
71
145
109
83
67
127
149
159
66
191
110
86
105
53
147
82
119
114
77
146
133
111
111
95
113
125
125
107
169
61
142
59
153
107
99
139
91
82
81
125
99
79
135
129
141
159
131
63
139
116
73
29
97
165
84
169
121
55
75
107
178
53
135
117
127
113
95
123
127
87
117
97
138
105
83
153
93
91
83
107
117
75
45
41
5
136
93
103
129
161
77
92
126
175
135
45
93
43
133
129
85
147
185
111
117
109
103
65
147
133
109
65
117
83
93
129
85
119
67
133
146
147
109
113
67
41
121
67
155
94
71
139
129
59
138
95
117
45
107
103
153
172
105
125
137
91
143
167
127
89
70
79
115
39
71
69
64
124
103
141
119
106
89
99
132
101
103
131
72
65
119
83
107
125
129
91
108
177
125
113
161
99
151
147
77
77
113
97
73
117
59
91
62
85
89
65
157
93
76
157
135
135
101
29
159
141
86
121
83
53
185
139
117
77
89
159
117
155
111
33
147
163
62
84
81
103
112
79
123
121
147
179
115
107
139
119
121
67
135
75
113
85
111
133
77
97
175
165
99
169
71
123
147
173
137
213
183
43
107
145
67
55
75
103
76
45
46
72
159
99
93
47
116
131
132
127
101
77
124
159
43
115
107
124
133
76
119
77
95
127
121
101
93
85
99
187
141
3
167
109
130
81
111
179
97
53
136
61
136
103
113
163
189
103
111
101
107
58
71
84
117
105
100
117
159
133
93
69
121
161
129
67
75
34
107
112
75
71
157
129
115
37
115
125
131
73
98
99
129
111
153
149
91
137
87
137
143
137
73
71
99
89
120
67
73
173
123
137
109
109
89
129
31
81
111
109
73
99
64
109
97
169
50
93
107
87
91
115
83
67
109
139
141
119
113
79
159
3
167
117
79
83
179
125
90
107
85
98
119
123
97
117
83
105
29
71
125
145
85
95
71
140
90
99
101
161
76
153
147
77
63
163
147
117
181
119
85
117
123
51
141
87
111
91
75
50
140
123
105
105
97
81
105
125
175
141
94
127
110
129
91
89
177
57
105
91
171
63
95
85
96
159
105
33
123
107
137
128
93
89
111
75
119
127
82
95
139
131
125
17
81
151
131
137
123
129
101
11
55
111
147
145
120
157
135
120
108
8
119
117
113
129
189
74
134
85
104
123
91
138
129
119
162
87
81
139
59
135
124
134
67
99
145
67
201
129
163
95
119
91
85
130
111
57
151
93
187
11
133
99
117
129
104
97
119
93
169
11
95
110
95
83
110
171
151
131
164
125
3
111
69
157
39
103
87
81
79
91
145
133
121
123
129
81
111
85
95
126
123
128
171
137
115
142
133
78
127
131
130
157
31
115
64
53
65
142
105
125
135
39
105
79
115
199
101
122
99
41
199
121
117
82
123
129
125
111
103
153
101
87
103
135
103
101
87
160
85
79
119
125
135
55
59
63
182
74
58
43
124
149
83
111
97
101
81
149
107
91
29
113
109
131
149
109
39
162
59
67
103
7
113
105
95
109
113
96
147
175
73
175
169
107
97
163
99
99
34
84
61
83
51
62
83
125
123
97
53
129
119
179
107
131
99
137
131
77
145
100
91
121
34
107
97
51
95
189
165
125
91
130
123
84
129
155
144
143
41
119
67
69
132
137
147
181
41
135
193
139
73
67
83
81
83
78
109
79
119
85
107
38
77
175
101
131
118
129
141
114
117
131
93
9
127
111
61
116
114
101
119
134
103
159
155
25
79
129
161
129
9
155
51
66
191
123
154
87
111
113
113
117
101
117
55
89
183
151
147
74
88
75
193
177
79
143
119
127
129
101
143
75
89
125
93
113
93
125
113
85
67
137
89
77
91
113
101
73
3
128
131
119
47
25
127
131
81
79
89
99
94
105
95
96
141
71
167
87
113
91
187
127
99
117
99
53
129
117
107
51
137
73
75
62
85
127
141
163
61
143
149
109
123
169
93
82
110
71
173
99
133
95
85
93
159
75
133
136
126
107
116
75
109
137
135
131
30
49
123
95
140
67
119
111
136
181
123
33
123
119
145
113
85
127
153
138
135
89
110
99
129
121
69
29
189
99
151
91
155
73
100
113
44
127
135
177
89
137
61
129
123
31
177
115
73
40
137
95
153
83
116
113
117
99
147
35
205
135
161
153
47
105
175
131
37
133
87
139
65
77
73
93
145
77
81
7
80
131
123
137
95
41
149
87
141
105
137
135
153
117
109
143
100
167
119
169
115
115
143
105
97
106
129
125
129
75
87
89
27
103
87
40
79
79
97
108
70
81
143
97
177
58
95
101
89
115
127
151
131
157
164
119
168
81
151
151
91
59
111
105
43
152
97
149
113
118
143
133
67
67
149
145
91
55
137
117
98
71
103
169
33
157
117
81
65
127
151
113
181
155
93
113
127
112
73
106
47
111
85
183
95
41
125
116
171
163
85
167
91
111
101
166
107
112
85
167
99
96
61
135
103
97
135
115
107
97
97
107
101
111
61
11
129
122
127
91
163
45
81
103
133
159
103
105
93
67
79
79
29
119
65
207
115
111
103
145
75
119
85
125
91
105
129
111
114
157
117
31
95
135
135
125
127
95
47
129
135
131
111
89
35
135
163
160
95
95
133
61
57
105
129
93
115
131
169
94
169
115
134
127
119
91
69
135
120
82
135
109
123
85
109
116
123
75
99
65
43
161
79
121
173
133
129
75
115
131
73
127
85
125
143
59
109
100
136
119
137
85
153
121
115
107
94
133
3
125
76
71
105
47
129
133
91
119
93
130
9
99
149
32
137
73
127
95
145
105
95
119
149
83
161
83
121
138
128
137
115
207
79
74
65
88
93
139
107
123
115
91
187
108
115
83
77
99
77
106
65
151
161
149
109
109
131
63
91
79
76
67
34
113
115
129
110
92
151
111
91
109
105
141
41
102
87
105
47
133
83
109
133
85
116
59
77
75
143
83
137
109
99
203
112
129
167
131
136
137
144
103
87
129
161
109
121
78
159
61
79
91
121
107
53
100
47
129
79
114
63
59
131
113
83
119
79
114
109
97
85
99
79
89
133
139
99
131
102
116
128
117
115
91
131
181
130
117
119
141
157
149
143
109
109
124
125
131
175
89
109
67
139
159
137
88
109
117
147
135
94
113
29
165
103
95
156
77
102
146
115
119
123
149
124
158
101
123
85
131
119
63
39
94
125
82
85
65
97
11
117
96
113
101
67
125
85
89
79
170
157
125
107
113
140
89
31
121
153
37
71
107
95
139
79
63
142
59
87
107
123
105
135
73
93
149
163
159
101
23
91
117
73
119
67
139
69
53
101
157
97
85
171
131
9
75
107
103
135
145
121
159
27
124
83
95
53
104
109
115
61
52
71
117
73
129
99
141
175
58
85
145
138
109
125
175
111
79
107
149
176
116
123
132
98
67
143
82
105
150
91
89
31
103
147
87
167
95
163
143
112
161
109
94
159
120
107
131
141
75
55
89
167
135
113
175
132
141
73
187
63
63
78
111
33
123
105
165
78
103
99
117
53
115
53
57
53
129
170
101
125
83
115
91
143
26
89
91
202
125
107
89
70
119
149
115
53
133
85
129
83
147
86
85
109
115
68
71
165
107
88
45
107
125
157
123
131
73
143
152
193
121
79
127
107
99
57
127
93
107
125
89
143
91
141
103
97
201
49
79
96
105
107
143
110
105
131
145
67
109
178
169
139
51
125
75
99
71
67
161
103
89
121
67
130
138
99
109
109
75
75
147
174
99
156
95
63
59
143
126
106
161
57
103
167
53
95
137
145
93
143
125
175
83
127
81
177
149
57
103
83
133
149
151
157
107
163
155
143
135
157
95
130
83
165
147
133
105
25
101
135
116
159
107
165
165
111
137
87
135
175
161
121
122
137
147
121
127
65
132
141
138
127
81
146
101
122
81
153
115
127
137
107
119
95
145
99
27
41
127
103
115
91
185
189
199
101
95
145
3
101
123
85
109
124
80
143
127
127
135
171
71
109
169
73
77
97
79
211
43
107
133
47
121
111
127
141
57
181
85
39
35
71
98
203
21
101
77
87
125
131
81
159
129
107
141
102
155
25
53
128
66
125
69
88
127
139
75
99
70
58
101
143
89
71
65
124
86
112
108
49
77
170
137
137
99
71
74
137
176
129
85
209
24
175
55
185
115
175
131
128
167
92
109
19
159
137
93
99
85
102
181
116
117
29
107
145
106
139
153
11
63
107
70
96
131
130
143
183
111
83
159
125
150
57
157
137
119
148
143
83
101
149
123
75
125
99
167
121
167
151
135
107
145
79
141
91
123
142
111
193
123
103
155
129
81
97
131
126
39
127
121
103
86
105
129
103
91
87
43
89
96
145
89
117
83
81
83
149
127
135
30
81
95
51
75
73
95
63
99
143
175
195
88
113
97
69
127
132
41
189
127
111
109
163
105
167
117
107
109
83
109
105
131
111
123
127
71
195
141
149
199
169
183
63
149
137
117
181
129
99
25
67
89
101
83
117
145
157
69
141
50
129
138
101
119
149
151
89
87
135
119
121
107
147
157
112
125
28
101
191
105
151
93
137
71
115
119
107
137
91
55
131
129
95
181
101
95
127
155
98
139
133
141
125
115
94
93
88
126
105
135
39
109
103
73
77
143
121
90
81
61
117
117
97
96
162
93
56
65
183
131
101
189
83
85
126
103
83
75
159
114
139
127
131
51
135
161
79
88
72
108
87
113
163
82
99
147
175
85
81
111
141
131
109
88
141
95
146
83
109
101
105
137
93
35
143
161
143
113
143
137
102
73
89
107
147
85
86
99
179
79
63
79
115
131
123
31
164
119
53
75
37
113
83
67
127
141
79
147
70
103
114
75
94
84
129
87
113
85
85
46
113
125
135
65
117
110
77
109
7
125
133
121
111
151
89
97
89
91
163
163
153
79
125
147
42
143
105
77
41
119
133
71
123
75
147
113
35
89
115
207
155
83
87
131
87
149
117
93
64
101
91
105
184
121
125
95
141
45
135
119
141
82
59
77
149
92
89
83
81
165
115
53
66
117
127
127
113
131
129
81
121
77
95
113
119
101
48
99
81
191
105
115
127
109
93
103
68
109
38
141
103
125
141
51
81
117
117
47
133
113
132
69
145
91
128
167
173
78
179
45
89
145
82
160
141
75
108
82
145
101
103
87
158
99
99
61
86
79
171
80
111
157
87
113
145
155
149
131
125
95
42
73
135
80
171
21
104
105
104
91
99
71
17
181
93
128
77
179
73
143
133
111
69
58
117
79
79
83
63
131
108
195
65
49
107
115
82
183
125
187
79
143
127
109
109
126
45
103
91
127
143
135
113
31
139
105
141
105
121
143
71
147
119
105
71
85
113
90
159
104
118
115
85
133
111
131
43
141
151
75
109
77
111
89
180
11
121
86
117
75
137
57
83
109
101
155
129
42
86
77
143
143
88
89
135
77
95
81
173
103
133
135
102
137
57
106
149
145
123
33
109
77
155
103
109
99
116
137
157
61
101
99
112
62
100
181
105
95
87
71
136
131
53
123
129
96
128
115
101
78
78
7
183
80
106
74
121
81
115
123
133
141
137
109
49
151
85
93
116
31
85
161
11
129
71
63
109
89
175
109
103
55
137
123
167
147
123
69
95
119
109
129
108
129
137
101
97
161
157
108
79
151
147
143
137
133
125
85
107
133
141
163
135
151
163
81
121
89
115
125
100
161
109
113
129
105
151
67
133
181
3
111
66
111
33
137
65
141
103
59
103
146
183
87
105
157
101
129
91
68
139
137
95
145
110
105
85
102
187
109
30
185
156
145
121
100
82
163
143
133
105
78
30
128
101
22
77
82
115
45
109
89
156
146
70
171
145
119
107
103
113
19
125
163
63
81
61
83
63
159
123
59
101
57
91
39
95
83
63
67
131
43
130
145
89
75
123
137
137
139
80
169
25
98
67
91
167
157
101
46
101
107
73
131
91
151
83
28
87
93
61
139
37
67
83
71
85
89
35
149
97
57
109
24
125
143
147
157
157
160
83
73
135
109
171
119
137
89
95
95
158
67
125
123
123
95
83
118
85
85
53
143
73
107
77
127
103
171
115
85
121
144
107
169
82
117
83
108
133
117
123
18
143
71
87
85
121
95
101
89
121
77
111
199
125
87
99
175
121
122
70
100
59
65
139
121
74
137
133
151
133
115
175
89
75
113
156
159
75
141
83
97
90
206
98
127
19
11
105
121
99
146
113
137
173
55
89
121
113
153
83
74
83
73
135
150
77
164
129
110
149
104
137
75
150
149
141
151
83
81
65
54
127
135
107
73
75
83
144
105
121
113
69
123
151
63
147
70
102
173
73
111
69
29
163
51
103
183
161
169
105
48
93
112
127
121
135
179
115
141
85
197
118
69
161
49
119
131
55
73
102
91
109
97
33
127
57
149
129
118
149
87
105
133
163
103
89
97
69
135
165
163
97
124
127
147
133
141
75
33
107
97
89
135
85
133
120
79
61
109
119
133
135
121
171
189
59
117
107
141
133
93
112
38
83
53
103
95
135
89
121
95
71
129
131
144
128
91
166
116
125
97
10
102
124
115
147
81
125
109
63
97
123
77
131
121
99
130
157
69
105
129
119
24
121
109
127
159
93
149
107
131
97
106
85
97
111
93
39
47
85
139
113
155
35
141
10
31
147
115
117
179
81
65
106
105
66
143
129
110
99
119
115
107
139
173
105
151
81
141
122
157
75
107
141
73
157
93
109
105
107
93
135
127
87
139
91
77
63
161
155
87
133
93
129
127
155
89
79
67
86
141
87
115
149
81
15
132
139
141
117
123
99
65
205
61
107
108
59
131
82
107
115
115
64
106
135
29
99
117
117
133
143
109
167
107
64
101
89
119
103
127
119
103
96
122
92
129
135
108
151
73
156
145
111
73
105
79
135
84
141
167
129
73
89
95
129
41
75
187
118
113
131
113
103
87
81
151
107
150
73
73
113
149
107
137
113
147
114
183
89
111
164
151
175
103
123
185
95
110
205
163
155
33
40
97
99
67
109
130
86
81
169
95
59
77
75
11
95
150
71
141
103
74
185
81
100
117
125
113
91
123
121
166
81
85
151
59
145
74
107
34
71
33
120
7
45
114
128
119
149
137
91
135
15
139
29
121
87
81
57
118
85
67
98
163
97
117
111
179
55
109
77
98
127
105
87
153
107
111
109
89
122
128
151
146
38
103
93
95
111
113
59
121
125
103
111
30
169
94
95
86
135
101
131
53
91
41
139
119
11
100
71
163
83
177
87
153
142
135
73
108
125
85
174
67
133
88
101
121
97
147
115
91
113
157
91
149
161
59
129
111
91
93
105
201
127
137
162
89
89
109
100
103
64
99
137
127
153
141
87
131
97
157
91
73
107
61
73
173
159
91
94
145
133
119
101
98
185
143
117
41
69
117
92
63
95
125
142
48
97
121
99
151
151
119
143
72
71
126
25
107
17
112
157
137
127
79
129
157
43
117
93
103
161
75
135
99
111
66
95
127
83
69
115
113
105
145
83
161
149
147
65
113
117
157
99
35
121
127
81
49
87
137
89
41
101
112
47
135
170
118
181
106
109
135
58
79
35
89
131
165
89
115
53
90
153
99
140
41
165
99
161
153
93
127
73
83
129
115
131
129
35
113
115
109
141
79
109
161
89
57
143
185
145
64
88
53
141
142
125
95
125
95
11
11
84
77
67
97
81
89
171
117
97
141
99
112
167
57
119
123
149
153
108
84
107
71
191
115
37
107
175
129
111
109
101
25
165
163
107
83
51
113
193
93
145
111
157
157
141
89
104
129
77
91
123
127
121
95
107
95
85
103
95
115
77
81
117
137
133
89
94
85
155
105
99
137
123
65
171
107
148
123
139
143
125
80
175
113
145
21
81
121
85
121
89
18
31
135
114
154
115
77
83
97
136
81
131
89
125
153
119
173
100
51
85
108
111
142
109
109
153
117
120
115
169
59
133
165
78
131
124
110
105
81
143
57
71
69
91
95
83
102
137
83
87
125
161
94
101
97
153
143
145
75
141
192
137
121
87
37
133
141
52
84
142
173
72
119
87
107
135
136
147
110
115
95
131
85
105
73
113
155
113
93
5
93
145
87
107
119
49
159
128
145
109
87
113
141
77
83
73
24
109
82
75
77
116
97
66
89
97
117
113
67
132
83
107
47
105
130
101
127
133
124
125
103
65
93
129
85
173
141
81
107
79
105
91
111
108
162
149
134
117
147
59
103
79
123
101
101
97
101
137
97
205
149
60
83
149
135
79
98
105
64
85
173
101
167
69
147
59
131
87
61
157
105
93
79
119
10
124
103
149
114
91
103
66
75
127
90
159
150
3
11
93
101
127
139
153
131
115
124
99
93
89
151
99
141
93
89
77
173
93
149
111
93
163
101
81
99
87
83
111
97
167
37
97
67
145
89
115
78
101
85
63
120
149
73
87
11
86
78
9
219
153
94
83
94
66
163
235
117
121
161
147
139
57
149
109
134
71
114
117
175
77
118
87
155
105
107
137
91
105
115
79
107
69
163
180
85
111
61
155
133
109
65
117
121
183
89
53
135
75
93
155
77
108
119
69
169
135
59
99
129
149
101
111
119
133
139
102
101
95
87
147
105
155
98
131
75
83
24
105
77
99
65
77
107
89
117
75
51
117
27
112
101
133
55
115
97
117
51
151
92
138
113
91
122
85
140
95
121
59
127
71
109
103
135
162
147
55
83
133
89
133
175
104
92
159
87
135
147
105
106
105
125
158
113
138
131
113
115
89
135
122
107
133
109
111
79
89
112
73
137
203
61
145
77
102
112
87
95
127
99
85
89
121
199
61
112
127
109
149
149
118
149
43
29
103
82
133
73
127
133
105
65
136
168
91
89
197
122
111
133
165
103
71
93
101
153
107
87
95
63
119
98
113
79
127
117
99
169
169
135
55
65
78
89
101
59
191
81
69
193
129
153
90
3
84
119
103
74
177
115
75
127
117
83
141
105
138
151
95
99
161
157
131
147
119
83
55
135
121
57
93
91
175
157
209
94
135
97
123
117
125
137
169
111
127
91
77
87
109
87
118
95
81
117
33
126
45
109
25
123
54
204
129
87
89
53
121
96
139
157
133
129
109
191
106
76
173
145
119
119
93
115
87
87
113
135
162
85
145
59
181
114
45
125
101
124
131
91
99
115
83
105
81
123
135
108
153
41
119
85
97
78
83
93
117
69
77
83
90
115
143
125
115
107
81
108
191
79
115
147
113
127
6
99
149
119
123
91
137
109
76
175
145
163
124
83
83
145
125
101
131
115
109
85
109
107
85
127
63
111
119
145
71
111
67
149
143
103
59
47
137
114
126
85
120
94
83
103
119
163
79
69
123
104
94
153
153
75
77
101
93
103
31
127
153
169
117
151
112
89
107
87
148
93
137
77
3
66
79
71
66
85
109
168
29
45
137
109
135
55
71
113
116
99
76
102
161
59
73
105
125
197
111
167
137
93
90
91
119
145
113
139
119
121
133
123
88
137
135
125
131
94
131
106
171
97
151
67
133
117
81
127
145
117
