1267
493
765
1016
1036
782
804
505
1164
1091
491
627
386
470
647
182
1162
848
1515
892
970
602
612
821
1098
846
839
1263
825
497
1088
659
254
576
510
1048
572
174
774
844
953
446
736
994
652
1184
615
737
376
986
946
734
842
724
590
716
600
964
924
590
751
1008
1026
982
599
1232
608
634
1000
564
1060
680
762
575
762
622
860
739
896
265
671
70
405
412
322
1347
1335
945
1126
432
914
1078
634
676
639
458
340
1056
976
780
570
528
1094
958
376
1028
977
756
854
756
631
1167
653
918
500
607
977
288
1100
308
1048
631
1048
1208
894
95
800
644
1090
148
674
1066
547
784
780
1054
1027
1116
774
873
763
546
652
680
1198
1110
1040
894
844
582
788
869
1120
968
912
974
972
848
243
726
690
1152
900
650
704
686
970
612
972
858
416
921
654
1162
1346
190
963
532
722
1403
947
1032
1049
671
287
207
1178
802
869
211
1087
806
636
1128
577
1246
768
596
402
630
1092
997
940
685
929
400
603
634
1037
1207
1080
432
285
1436
1206
797
458
13
636
944
858
549
552
728
810
718
1078
974
729
792
646
922
867
294
436
557
631
806
1186
850
955
336
965
1144
1287
840
996
742
183
846
797
858
989
1222
1025
1288
930
634
781
542
1126
668
1115
518
966
1111
419
430
808
578
944
950
1231
1073
658
734
868
1314
622
780
764
538
786
828
1004
1120
1230
954
909
866
490
866
372
996
859
796
1178
681
1184
835
1084
1016
450
796
738
585
928
557
773
399
1278
1014
954
1117
1168
339
944
631
542
710
938
1072
790
1050
814
1338
1086
877
823
983
483
718
998
1127
721
1364
1125
286
526
1074
266
690
1039
563
754
1493
1257
1012
608
851
1076
890
940
1150
738
863
624
1091
831
361
683
570
822
1692
1460
1246
600
724
1093
1178
1292
780
510
18
1128
605
1039
842
780
836
779
802
242
792
925
1133
531
518
950
884
1066
756
538
1090
1014
961
1032
664
845
735
895
499
878
1136
739
1032
650
516
1222
976
838
1071
680
1061
779
892
818
805
947
755
765
790
1094
766
646
591
1064
123
653
1121
1236
739
910
719
1024
988
1392
746
166
873
1278
782
1040
400
1154
616
1206
786
1214
720
745
900
1210
482
482
941
964
959
816
606
1045
754
1126
799
1096
378
425
790
836
656
816
864
1003
1254
1024
620
782
842
1080
968
694
1074
1070
1167
798
980
498
1112
990
1442
908
802
1099
542
379
1032
1116
760
957
930
209
1031
794
736
704
565
1240
750
794
958
656
167
251
1146
1135
978
824
528
1190
1068
894
1003
694
303
836
271
1286
865
778
1170
672
757
299
959
499
1261
273
694
1071
990
733
312
918
789
546
238
779
1078
936
688
766
1098
854
856
642
938
805
537
845
1143
308
576
196
211
943
597
882
640
820
598
718
669
736
508
808
670
406
772
76
686
776
884
968
833
770
812
1279
726
1161
774
1438
933
976
1053
920
930
710
720
1114
671
690
550
892
757
435
643
1022
854
1221
454
550
878
820
919
1006
658
268
902
966
1298
431
123
950
803
812
760
746
1064
709
889
733
903
1002
565
874
522
942
920
824
1040
1009
698
1088
666
410
1004
844
823
572
726
514
920
930
1010
790
738
782
526
700
630
812
1120
394
1042
780
580
914
668
731
944
1138
710
762
939
788
1004
165
1084
720
764
664
956
924
720
418
844
1162
1374
941
493
712
1426
422
1098
880
1078
1199
879
544
782
857
578
799
1631
828
952
563
818
78
606
1096
790
620
1172
525
537
771
902
272
1194
651
432
714
1109
479
728
1178
984
774
882
862
1306
580
1212
696
1102
1428
340
1062
1205
558
1350
1017
1018
826
753
78
590
708
1197
595
1184
897
490
829
636
484
628
604
1198
1098
619
864
879
462
623
1506
832
538
1286
1002
713
858
912
568
957
984
323
761
818
964
794
732
725
509
1037
798
664
862
797
354
856
509
1076
1164
561
981
520
681
1004
900
754
622
18
598
1102
796
894
207
1001
1230
1670
477
946
1314
1168
819
841
806
630
419
774
303
656
682
1016
120
946
1280
896
963
886
986
917
1296
1293
1014
838
836
405
802
782
939
568
772
938
826
932
20
783
865
1112
798
1019
1262
1230
958
754
300
328
489
1178
1170
460
192
883
534
430
1366
650
632
556
548
1120
606
738
1138
620
1227
754
864
876
788
660
836
990
1131
850
926
774
496
810
908
944
1084
579
800
754
432
788
1187
672
910
150
884
802
823
699
638
505
892
638
1178
1129
950
766
1146
714
807
720
1099
874
984
695
680
620
634
776
1000
1120
1170
698
975
514
824
1032
1194
628
572
912
580
641
684
508
1019
870
1003
454
1223
729
581
1026
587
738
902
440
1057
718
369
645
18
673
1165
182
477
602
1228
724
1166
954
1157
742
990
1246
834
965
196
827
672
994
391
842
982
889
468
638
817
1034
771
696
774
772
605
855
586
194
606
1098
1022
610
701
480
565
1232
776
741
662
948
970
970
761
1010
861
288
1069
920
1014
607
587
548
898
1194
1103
812
768
1119
923
608
926
620
676
679
824
652
808
346
760
768
664
854
796
523
627
842
1138
729
592
740
711
954
766
563
819
1326
660
833
1114
1102
764
858
544
769
1197
640
1084
618
460
1273
1073
644
1328
798
449
880
460
1274
953
955
967
1132
804
662
1175
612
496
1174
310
924
654
356
1068
748
624
1014
578
892
1006
671
800
831
706
491
1174
849
535
809
1106
822
726
680
966
1045
753
1330
1018
794
998
1216
978
607
878
638
944
1224
796
858
902
666
781
631
644
1153
1359
548
916
1046
734
993
706
749
618
435
918
1174
882
1077
634
980
1189
542
472
1137
692
674
256
1046
917
1690
714
890
1104
922
580
865
889
1326
839
872
968
616
1154
837
1032
610
1555
672
804
864
788
798
1072
698
943
594
942
1242
1099
586
768
827
1232
750
705
1298
922
1220
904
391
798
958
1064
1270
769
618
1016
793
1112
1104
1034
340
885
610
915
951
636
810
618
885
983
628
1162
848
568
728
1300
860
886
210
872
786
692
854
586
1033
977
574
1066
970
644
598
642
632
1330
776
784
994
906
964
1083
524
1072
1183
1049
1101
809
862
450
946
778
524
608
498
888
1250
1100
1143
589
988
1037
617
834
991
838
653
1130
822
850
474
79
722
809
1026
912
820
1241
779
703
440
661
880
653
770
652
679
444
762
926
974
502
821
1408
732
896
775
698
927
965
874
1484
1301
328
421
1087
688
665
871
620
675
760
882
578
866
650
1542
1138
1196
868
1100
874
430
466
914
842
255
960
654
680
972
637
764
1062
690
1117
918
1072
1173
764
612
517
1074
1096
108
603
974
664
676
821
638
1125
826
751
802
668
254
640
663
612
1088
361
716
788
862
1030
1138
906
1055
1412
416
838
946
1338
648
714
1064
208
729
1186
771
775
911
1310
709
642
758
904
1232
1049
1242
834
1362
211
1006
994
958
1308
933
809
317
664
571
736
513
1062
850
1509
706
660
372
844
914
880
761
945
684
658
800
850
564
652
622
1033
538
927
470
804
735
1224
1088
848
548
908
779
258
760
723
733
1128
603
846
554
132
751
772
618
1236
724
854
848
670
570
457
1224
892
1240
850
640
1139
691
590
528
725
1217
990
1144
780
1613
724
938
986
621
1285
657
1283
1198
625
1208
744
868
514
1262
1048
802
833
958
722
742
814
760
532
1283
642
577
1106
814
548
1300
815
408
960
723
817
1122
734
839
743
504
586
660
660
1016
1078
539
812
948
702
1133
572
557
625
778
659
945
546
599
718
388
982
1222
878
706
1320
739
1002
711
700
759
1004
792
876
666
571
192
1328
969
783
1344
760
1385
672
556
662
904
961
1340
668
899
342
919
935
1410
822
689
1144
1108
720
1023
570
420
822
940
1104
455
926
791
852
740
904
600
458
958
906
697
782
519
649
1144
820
1098
1225
1378
716
758
856
708
1052
1303
630
217
866
1096
1074
1092
973
666
802
816
621
1260
737
462
166
295
766
848
1026
601
348
524
896
864
430
1300
953
757
456
930
576
430
597
1090
644
653
603
372
740
802
928
464
826
1141
381
1041
1042
425
714
1052
708
576
954
500
740
1062
894
1002
724
1101
781
448
1342
980
810
1246
608
18
765
1008
913
888
1062
819
916
950
701
773
1402
866
1007
874
994
300
687
806
944
1077
1003
970
794
588
553
1156
606
776
942
386
520
1106
585
582
410
772
852
586
414
878
812
887
1273
890
1173
430
616
904
792
652
575
758
890
878
822
1296
608
790
1028
674
582
898
856
409
914
966
1043
551
826
828
842
826
874
830
404
780
901
579
981
120
684
733
532
886
808
1255
906
1124
856
859
575
522
848
1198
801
776
950
540
674
1090
761
1072
960
1210
412
804
453
1069
1174
1102
940
1128
1383
652
712
573
1004
368
621
1018
791
807
960
138
1102
947
906
606
1049
836
1194
1026
692
494
598
818
800
614
886
1406
926
622
699
639
1020
809
789
549
752
734
773
211
972
660
744
641
1278
757
950
666
618
902
858
857
909
740
960
541
1020
788
842
816
1324
668
782
1062
591
790
922
1266
1070
1312
534
894
894
816
954
806
916
844
490
659
1052
894
639
612
446
905
1028
810
646
685
740
1108
997
768
583
849
210
620
532
576
822
658
630
924
463
446
688
920
562
744
957
842
660
734
790
1017
637
788
796
876
1109
1135
784
386
1124
565
583
704
946
519
736
1089
708
1137
1072
295
484
728
1098
78
708
1023
872
736
852
965
844
797
662
305
1020
1062
543
489
842
908
883
618
639
890
1000
1168
772
828
802
656
900
858
993
666
537
562
1078
444
620
915
1135
944
1062
1028
883
558
922
628
628
814
816
1016
928
773
889
1316
767
683
1432
252
970
740
899
1016
570
439
812
752
749
758
537
1058
380
1634
571
352
916
816
1156
615
986
974
750
466
1048
609
301
1034
1054
918
340
631
1259
473
563
786
830
20
704
704
1044
800
532
857
807
904
500
1132
632
1170
1067
830
794
774
656
1114
660
1002
472
243
695
856
746
1035
964
649
1011
919
722
874
774
790
1110
1060
1073
572
662
451
1126
798
699
1044
153
852
873
944
907
619
809
894
652
1190
788
1610
699
716
448
583
1056
614
818
1321
733
624
726
882
780
822
854
874
58
254
1427
1028
586
316
1442
512
1188
1230
790
786
460
684
431
942
722
994
914
937
772
634
763
289
801
876
872
862
533
701
1098
810
48
927
1076
1053
510
402
678
240
654
762
868
550
896
355
840
876
1024
781
1192
861
455
908
954
1000
555
1172
790
651
968
595
740
875
654
1144
167
1040
658
300
689
680
655
1026
633
552
953
869
1096
776
766
1171
736
924
743
861
598
625
922
1006
966
1177
1248
958
1010
1208
317
560
868
748
711
680
822
448
908
861
858
439
670
563
671
497
860
510
478
622
490
1191
856
785
735
881
456
660
876
630
951
726
754
521
547
678
1007
806
474
596
950
709
836
856
1434
326
826
723
728
1020
1066
582
752
806
1024
1392
1090
20
620
89
718
1084
616
592
435
818
434
721
826
532
741
834
792
515
1192
986
894
1094
1070
882
850
925
1140
806
1230
1206
594
822
1187
614
713
787
643
1264
422
1187
445
810
675
688
910
1052
981
1060
609
936
514
466
668
1022
616
1011
1068
754
684
1252
798
602
664
518
1224
675
598
438
619
745
447
830
761
692
490
340
1168
824
510
18
374
1046
436
808
1093
694
791
700
582
851
732
736
893
940
665
736
960
722
761
1172
1208
987
690
495
533
932
1158
928
980
344
610
977
562
534
1246
942
1023
728
1206
433
892
1111
666
1504
1052
854
933
808
631
626
634
809
516
1139
788
657
1040
712
726
1014
685
492
486
519
1001
1106
1136
1155
796
400
674
742
510
982
1182
940
616
622
595
903
867
1104
598
921
816
938
694
608
532
675
598
476
776
688
924
890
804
1088
675
956
984
520
420
1140
598
879
887
868
879
615
1016
911
1412
885
548
1226
1235
1330
1088
986
794
1608
686
715
1136
1166
884
805
910
948
946
283
636
550
550
573
608
628
599
990
1119
676
548
720
670
543
584
734
584
828
755
421
1133
905
832
566
570
588
620
958
619
900
1180
733
498
724
1042
795
876
905
737
950
928
947
1019
889
795
806
490
685
1264
1318
827
1152
227
760
768
998
1120
759
451
595
968
529
932
821
1670
1202
638
902
601
964
784
42
534
664
746
964
929
1019
680
718
790
846
616
147
946
715
286
205
789
408
713
1549
801
477
418
890
852
991
571
858
602
893
754
1125
814
385
944
1089
770
401
676
759
682
716
848
958
724
820
1164
1116
986
886
1032
682
626
842
1201
1052
1158
735
594
640
574
991
805
666
856
682
678
1134
812
232
1006
794
794
1017
561
770
676
1264
854
1107
1050
804
328
612
566
65
384
411
1306
785
1125
838
440
771
826
922
302
502
842
546
746
882
839
828
904
495
556
652
523
1112
783
770
1052
903
936
380
763
706
946
973
777
817
979
908
540
704
858
596
718
1009
890
1199
915
966
1116
728
1204
138
1078
326
1048
981
603
855
580
636
778
470
1086
310
1151
334
867
902
1106
774
699
1404
646
570
688
444
537
462
893
856
376
1212
1080
790
630
698
301
892
876
439
1266
934
750
534
820
970
1193
816
556
813
857
910
858
688
857
739
1133
1322
470
590
415
533
623
441
978
527
882
593
506
704
1012
828
630
548
743
739
802
1008
595
683
922
581
492
564
624
572
894
718
966
689
750
886
573
978
1204
935
996
251
826
488
983
990
692
901
1010
796
934
916
407
648
1027
868
801
674
1050
1090
720
764
1001
696
896
852
1306
965
1368
638
960
831
662
1032
1436
755
400
619
740
1167
804
467
784
970
1042
816
1007
1026
794
335
694
1142
971
919
542
745
799
446
818
768
482
612
736
1081
616
805
1080
694
793
732
1084
980
856
872
770
338
1494
972
997
1220
882
1038
1168
973
680
979
1072
683
654
654
831
632
875
1121
757
1259
796
1238
312
952
884
1007
766
988
148
862
986
1156
790
18
754
1171
274
610
894
937
721
1119
1000
286
690
949
1160
391
1011
992
478
1035
1086
838
474
768
590
866
1230
486
805
824
466
792
864
923
328
716
1060
1014
792
896
790
756
786
837
1233
1078
820
497
812
489
129
1278
544
491
875
1258
508
810
842
1050
489
606
778
998
858
898
896
1271
868
1144
1308
330
1038
961
1050
1008
988
958
541
832
902
936
1040
913
1212
704
934
798
880
386
1140
640
1054
1316
752
744
933
511
810
734
1028
1388
974
976
1316
810
715
1084
592
907
744
964
716
592
604
340
1038
834
490
419
1140
740
708
636
568
652
886
1058
826
901
854
568
630
747
634
618
841
1262
679
814
870
630
1004
1252
1007
128
790
958
686
1112
842
506
965
876
533
1136
512
728
676
734
822
950
418
636
526
76
782
848
519
608
1002
694
837
604
616
580
855
640
668
973
1151
666
666
1125
680
718
608
620
1024
1264
858
1198
892
1208
624
623
942
1464
860
995
907
952
910
819
1124
1255
1539
867
1144
750
605
561
713
847
788
694
684
474
962
630
659
521
1080
516
963
790
1083
315
980
437
686
509
834
924
541
730
814
760
874
1051
500
594
1164
800
1062
687
874
356
900
870
864
687
1059
558
978
787
1172
1042
832
1248
1185
696
1064
1052
947
578
1072
1185
565
1022
922
636
960
1222
1364
976
1084
985
615
1009
1298
437
326
716
623
793
542
1320
812
972
201
878
680
195
345
675
1010
570
1456
795
684
445
1103
680
709
586
792
928
1042
547
534
710
696
962
857
872
1091
780
563
1178
569
240
195
943
875
721
679
862
1088
1067
1024
627
966
546
806
798
1210
646
474
583
820
876
924
852
446
1044
715
19
1610
720
448
800
708
64
945
703
636
868
428
751
944
989
1130
994
626
841
1139
750
410
915
700
298
630
898
688
1349
1124
387
604
718
1352
753
754
1047
1182
826
293
851
342
736
612
1289
695
454
1114
535
651
553
1149
858
723
824
282
852
1052
486
708
739
736
974
994
932
855
898
1400
647
1144
1008
1040
897
1258
862
724
983
570
968
1158
708
964
554
602
1004
820
639
270
811
1066
1040
1096
626
815
1058
548
1195
658
1245
1067
1192
838
1045
968
1462
746
764
907
1022
630
781
565
416
1023
552
1266
726
649
934
206
1004
791
1262
301
1173
786
714
1135
999
858
1233
907
958
462
1291
1384
986
878
923
760
843
490
800
765
868
538
539
875
832
855
1372
692
983
880
494
1043
972
352
1214
750
998
1045
1114
1009
786
986
826
994
860
1075
972
1000
18
669
985
856
722
776
1144
776
808
522
1062
1122
914
842
622
956
361
445
490
710
1034
787
576
942
228
932
866
874
776
1129
722
932
883
881
512
875
636
1300
887
853
482
714
429
970
476
982
1116
1194
613
752
596
970
666
869
720
1075
973
1092
340
664
724
485
976
774
578
521
1066
398
475
1046
593
1108
625
794
809
1058
704
845
636
302
565
987
819
602
717
1029
501
720
863
814
1102
540
468
661
870
538
826
780
716
1040
809
931
962
792
490
1402
1072
947
1270
412
560
536
1194
913
1406
1075
1234
731
306
675
1052
1156
831
197
929
814
980
656
876
1034
1148
1042
1050
859
506
592
1046
748
739
1156
1119
378
946
1232
861
594
543
720
1118
1126
554
1322
1132
1128
592
841
842
461
918
356
1194
1011
602
702
950
842
1125
199
680
552
739
566
866
1031
712
556
326
843
762
487
1080
946
525
818
779
1250
744
1130
880
1109
606
1046
1139
608
678
660
772
1216
506
1274
902
870
858
744
1036
708
752
928
19
990
692
662
841
78
1049
804
812
808
626
520
256
1032
897
1055
934
592
1142
760
721
786
1046
958
986
932
79
834
892
874
1014
942
718
529
1273
917
727
870
371
788
1036
1000
586
1084
480
1341
1038
662
1208
1026
372
1084
757
849
394
1052
926
975
1071
812
532
894
600
754
874
542
783
905
730
840
910
548
826
933
506
603
976
1341
884
1108
1088
1166
718
976
1094
537
754
515
945
1058
774
978
1194
702
767
386
724
884
1198
516
622
800
663
594
688
736
360
637
1101
773
652
881
296
896
787
855
644
192
676
743
828
700
747
672
296
1343
639
596
268
964
686
1180
725
416
652
729
538
694
634
1223
911
1255
300
816
554
1179
1049
620
922
1080
862
716
715
1166
447
804
1036
629
906
721
777
834
430
852
630
528
848
962
473
810
947
693
792
1081
589
1164
1097
958
848
631
486
1039
1382
612
868
1115
640
1048
880
1136
748
775
794
899
665
832
1070
850
961
592
799
826
891
786
1013
932
770
742
670
834
1000
766
685
768
1061
1220
768
682
886
651
986
734
604
1098
598
650
1129
988
1118
849
1250
607
805
764
894
741
694
922
532
852
647
940
226
1246
790
514
899
641
1248
696
862
904
531
522
589
1102
958
1082
779
1182
708
840
878
1201
494
1376
914
858
810
1020
1200
502
1073
792
938
608
607
594
1336
840
736
798
678
641
790
574
900
639
623
1343
490
1026
434
941
1354
652
798
814
463
938
870
432
969
705
607
776
654
691
532
998
1160
630
653
634
440
242
856
1168
1008
1164
1278
548
608
597
1430
921
790
810
605
518
850
732
1068
584
1177
1011
1164
496
1227
871
650
1074
604
1275
80
990
116
1106
1242
1090
676
717
1130
1364
756
957
1123
826
889
838
1146
964
764
818
866
874
761
776
925
902
854
559
842
712
512
487
1010
444
530
371
822
739
364
822
633
1298
682
1003
243
983
1410
476
1183
782
778
986
534
645
768
996
596
672
1126
658
78
968
19
422
723
588
646
549
912
650
1032
78
447
1230
538
1152
696
720
1210
681
886
682
848
614
492
215
592
658
630
1060
1172
904
920
948
848
560
941
658
1113
778
1105
750
794
1146
699
666
864
1154
332
818
799
692
1016
784
942
732
934
601
346
490
525
1032
430
470
650
284
961
746
860
524
764
507
798
790
917
825
720
528
1022
1144
892
770
916
123
584
558
449
683
704
399
1258
964
542
410
690
1002
902
706
1126
674
807
723
484
743
662
1118
425
960
796
522
756
590
782
670
630
868
939
951
542
974
930
387
916
1038
755
596
1134
810
1102
851
992
1162
939
718
797
585
1130
1300
642
363
1393
1030
1038
79
801
954
657
1404
1050
1022
677
912
876
668
953
1315
632
752
958
454
1092
965
1014
696
799
977
575
744
910
1094
1138
664
789
421
123
266
962
416
886
428
607
459
946
924
824
945
828
408
255
898
1006
586
718
847
844
694
932
890
1390
638
1412
1059
660
640
554
182
1079
701
620
1096
780
570
1114
795
724
1294
1014
1000
844
966
374
605
822
419
768
644
842
313
1040
1102
708
1098
859
791
686
879
853
804
845
1054
900
817
748
639
366
1297
960
1112
578
660
424
1454
880
1152
932
590
822
1148
915
785
1034
514
1130
984
991
760
996
566
1336
966
776
762
803
19
1226
390
397
730
979
616
1197
842
704
542
740
594
1316
1152
302
354
513
1031
636
756
594
1015
1259
568
1130
646
715
788
919
1187
785
369
572
623
923
743
991
690
360
884
1080
797
656
910
1056
210
394
756
1006
848
1312
517
1076
620
740
918
188
616
1247
1104
968
270
650
747
1044
767
1190
681
1042
610
1005
1148
1050
968
818
1220
854
422
1132
1110
934
798
824
994
711
494
822
655
711
611
609
772
996
438
400
1091
1254
1378
832
1010
671
464
1159
876
814
1192
492
432
931
521
714
632
943
688
1248
960
1141
726
902
943
842
966
74
867
598
628
624
770
618
898
788
885
700
1160
122
359
815
910
937
668
998
1444
290
295
1126
619
975
433
908
1052
298
631
754
1000
762
761
990
704
1067
1130
911
940
810
626
506
1025
500
520
428
580
1267
1284
19
750
996
472
912
476
850
1005
806
746
1394
728
656
868
874
538
416
1028
780
784
750
632
1206
685
667
828
686
1196
864
1047
408
961
753
1287
1073
946
960
496
714
1002
972
893
807
920
881
680
1281
1334
859
806
1484
622
352
362
767
941
1082
448
580
801
758
138
1105
476
1057
788
762
730
1350
560
765
866
1340
617
1210
802
1233
736
1210
992
748
895
1169
960
587
443
597
1038
775
895
638
692
658
651
644
1000
1265
982
80
918
198
840
222
1208
706
848
1046
869
1405
1039
674
688
1129
1122
803
809
332
905
1426
644
916
780
717
682
614
755
984
1226
848
1174
850
744
1252
591
739
265
837
1402
746
862
596
984
578
781
827
747
687
774
490
680
1132
1230
563
562
1023
1067
585
595
881
1116
894
964
832
1130
789
826
604
676
1064
976
934
512
994
949
674
666
926
506
652
432
1028
848
166
888
692
774
758
982
846
795
953
686
686
572
584
1251
442
948
78
898
778
1044
780
1076
724
814
1032
430
255
814
604
1204
946
1134
1032
644
564
740
1090
458
776
1103
1220
758
810
595
734
1168
915
800
1062
1130
612
480
919
506
1090
942
462
1369
918
308
840
674
928
816
714
538
1275
521
640
990
472
563
668
572
542
624
928
951
967
1292
1060
1064
1045
490
1164
696
1053
740
1024
649
936
1104
815
1257
802
570
887
1135
974
1246
1132
704
686
992
1054
744
380
957
930
697
971
871
1199
918
964
1396
1068
530
1122
1028
846
911
1203
798
668
674
1176
913
1116
288
641
698
346
323
799
624
590
1008
668
1326
1111
570
734
951
678
1236
721
978
1234
933
661
940
354
1000
936
1303
1218
768
790
542
1107
760
684
1017
1198
1032
1430
813
848
624
1470
1172
896
566
1078
990
630
321
840
584
1048
793
741
770
816
784
938
748
943
872
1094
690
560
810
354
601
656
894
1014
460
666
1184
848
698
1113
1043
1082
832
928
892
821
328
902
588
288
956
732
826
991
626
1038
887
632
618
882
782
621
396
587
773
208
1210
976
894
221
652
722
664
932
851
877
1089
1098
278
788
1070
1081
876
1132
566
1022
696
832
937
778
1254
650
962
1290
979
848
1084
1024
1334
1194
1121
1408
42
1260
1316
541
645
1137
769
866
900
953
686
838
700
1008
694
828
616
598
726
609
534
740
694
512
1143
894
607
79
774
1030
1107
758
804
734
974
1044
545
338
210
912
802
644
862
774
482
1176
1046
738
556
847
756
668
623
1076
946
1178
690
347
654
852
960
1010
949
842
1290
1252
1046
148
289
882
1070
790
1136
686
486
977
819
728
532
616
19
576
1408
585
513
968
1053
594
716
616
1372
868
1540
1032
1067
1004
789
595
872
904
1032
536
136
736
1024
487
422
440
542
886
1054
924
450
746
747
662
857
711
781
576
1284
974
742
1180
756
912
886
1035
955
562
862
837
958
754
620
840
1279
562
670
1110
446
918
818
566
486
738
736
900
910
858
1058
1100
1068
990
884
946
944
466
694
926
932
632
716
1432
602
924
786
1113
618
897
630
968
1033
938
518
489
1146
582
821
296
431
470
472
744
728
1000
968
644
830
1016
930
682
806
224
946
535
693
1086
542
1145
898
1136
496
905
574
692
908
65
558
1088
598
950
630
1022
1131
890
566
1241
546
590
638
714
631
716
856
1080
833
1146
1135
998
1050
464
94
288
1079
702
1142
432
828
842
722
404
920
422
1185
820
764
728
1130
858
776
935
902
1286
1212
666
402
946
1199
1178
1048
920
379
1022
956
880
996
828
1052
813
1021
1078
1492
816
668
1060
1071
1316
374
923
1002
799
584
42
936
1194
943
1084
1133
980
638
1053
487
774
695
837
806
1086
1348
1150
689
922
366
614
1037
877
1043
680
950
1426
1095
952
924
696
808
820
1241
1050
1026
1340
644
477
728
678
1138
541
836
819
1116
316
772
543
644
668
1054
1182
556
1132
784
1104
574
774
1103
393
396
978
674
472
446
504
702
1154
430
962
605
974
670
674
682
642
864
773
1069
383
644
443
992
979
562
1515
884
560
738
924
522
714
581
532
374
733
824
1024
1294
708
303
268
962
853
732
1410
727
1056
527
1108
716
659
1019
874
608
536
442
1127
459
342
990
1228
707
1236
600
1172
974
670
510
704
718
1364
790
412
550
492
921
776
724
918
862
770
1372
762
602
654
991
492
644
789
820
1094
418
489
660
1261
688
790
938
242
1157
539
1199
836
783
770
569
1086
1006
679
1040
624
1030
1167
1004
993
576
437
1300
998
507
208
1124
394
720
1024
684
730
951
950
887
1016
688
1137
496
602
912
616
522
553
225
652
1112
710
606
202
676
1036
839
940
482
718
848
549
1034
859
1100
1020
180
626
636
688
222
714
730
953
750
976
724
548
696
882
912
586
570
1235
1226
982
990
600
1091
938
713
1036
1226
1106
347
924
972
628
930
645
820
1186
596
947
984
1044
690
932
854
793
1102
296
544
748
936
716
518
775
1394
1100
978
1114
781
634
668
254
1018
966
999
834
748
1140
728
1252
990
778
123
1076
938
1225
1440
1053
814
690
812
625
999
576
1253
723
1134
625
744
874
550
1277
1463
610
849
619
1078
572
528
840
322
574
657
1188
926
731
919
1389
300
932
1182
770
1018
302
838
716
455
978
685
804
904
913
1267
1068
1038
1046
503
958
421
456
1178
1058
778
770
448
686
947
632
368
1032
1033
244
430
812
722
668
392
773
267
897
1018
812
482
698
1238
567
540
928
608
315
409
678
588
1174
1002
1538
311
906
1050
933
1312
1256
930
978
260
813
594
1024
504
962
476
910
598
662
1442
948
829
1017
761
789
692
940
784
574
1158
798
358
1157
654
958
712
1142
1069
420
666
1004
915
724
802
874
437
447
932
1016
548
1384
827
656
976
1132
710
570
922
705
924
722
1158
690
388
1032
785
1200
494
933
786
701
775
720
594
842
921
808
858
648
869
1240
822
1290
593
828
570
686
926
845
834
985
864
863
528
625
806
591
870
1183
1296
666
622
880
831
1107
1124
1032
991
774
455
689
686
788
762
730
600
857
984
806
606
1110
1082
614
1173
615
811
1066
514
918
937
978
713
889
726
1044
814
1083
1113
860
660
871
846
198
640
856
922
736
295
476
415
816
1349
794
1189
1084
1278
428
976
618
594
668
866
1171
853
432
1186
1088
158
956
994
703
971
546
350
1130
696
938
1192
1004
772
178
1139
846
1253
812
870
660
476
1064
636
859
1012
330
837
888
517
1058
799
602
489
924
1088
1154
485
1394
796
640
774
388
1079
602
879
844
562
1058
964
814
811
700
832
911
923
790
1248
446
1048
436
1118
784
726
1021
674
598
594
922
723
576
986
942
1032
1168
958
459
1024
846
528
214
710
1208
614
1226
882
404
542
776
1308
388
998
856
924
818
686
905
924
639
852
712
1008
764
612
1118
679
672
605
774
850
548
334
301
34
992
688
756
941
1182
570
676
932
1272
983
329
678
315
971
950
614
1064
1358
819
864
801
744
480
1071
972
798
474
856
614
676
942
628
862
492
979
1066
1083
789
839
492
298
889
492
1141
682
522
1020
940
431
1010
702
854
326
788
753
1116
1248
773
906
997
666
1056
1210
928
655
521
583
846
289
520
509
472
901
755
1032
872
776
655
730
964
744
754
952
536
482
876
608
784
905
948
666
787
1297
919
820
1155
724
1116
1072
560
566
828
709
544
858
434
664
460
630
646
480
1154
680
552
1146
990
988
735
210
1170
1028
632
884
614
389
1352
1017
854
561
652
1150
862
1139
820
241
1062
1202
460
624
592
754
828
578
906
893
1080
1300
837
782
1010
869
889
490
986
548
834
622
816
966
565
702
1284
1214
736
1225
526
896
1078
1266
1006
1544
1339
310
784
1066
494
398
551
756
558
328
338
525
1158
724
680
347
856
942
974
940
734
565
910
1160
310
840
788
914
976
560
883
568
696
935
877
743
684
626
728
1368
1039
18
1233
810
956
598
809
1316
698
390
995
452
994
746
836
1180
1369
757
816
740
778
420
523
618
862
769
732
856
1178
981
686
507
886
1168
948
496
547
248
778
828
550
522
1154
945
848
266
840
912
964
536
713
718
942
815
1110
1078
662
1008
641
1016
1044
1010
529
522
735
650
871
493
528
1271
892
1014
794
802
646
948
224
592
808
792
536
720
467
799
714
1235
368
682
777
632
668
839
616
488
796
1022
1030
872
821
576
1176
18
1230
854
574
602
1295
917
664
792
624
724
868
901
708
855
600
762
211
525
909
1064
628
702
518
1026
658
728
738
1179
558
1127
1082
554
464
1181
1075
855
1337
876
622
844
898
382
1032
632
830
654
548
374
1026
896
772
768
718
588
766
923
1276
1028
694
927
816
943
667
652
1308
424
761
664
1253
460
692
623
708
1163
772
242
899
772
1011
938
680
659
818
547
864
938
604
707
1012
961
920
122
591
1102
956
1014
898
939
745
78
405
813
1070
1072
874
1146
994
872
786
56
872
858
837
944
1376
543
984
632
766
904
661
1006
940
880
1174
636
596
1021
430
997
918
983
489
730
1058
488
1474
952
1201
702
866
668
623
965
813
416
1104
684
1361
79
978
722
861
943
762
706
876
678
1226
79
705
808
689
606
804
1246
1100
957
1208
909
18
806
503
1146
288
748
644
600
574
664
1052
968
886
904
947
588
822
622
688
930
896
933
1231
998
834
1038
980
580
936
964
950
1140
227
844
470
388
480
1042
770
922
982
282
762
576
838
1453
728
894
715
300
1470
895
861
606
889
951
924
810
750
1124
750
634
752
984
748
734
640
1158
617
580
866
917
985
403
437
460
1327
536
432
309
904
1092
612
818
718
743
586
1090
778
670
214
828
804
956
1088
800
284
1186
434
496
745
48
824
767
696
805
826
700
1078
1278
526
1284
1234
790
708
1172
720
728
248
624
446
606
368
458
600
914
899
712
388
941
874
1296
782
968
717
1004
954
570
1075
738
676
884
251
794
710
374
696
1379
1208
916
658
956
896
616
944
1137
1062
1031
302
873
488
511
968
1016
1069
1336
302
988
1404
1018
534
492
608
594
612
578
799
581
872
620
794
282
569
1276
737
965
860
938
1038
830
869
968
675
64
943
804
445
859
825
742
860
988
754
1164
1125
182
582
946
1184
946
66
1137
368
484
1392
904
1120
636
804
838
832
858
732
871
399
652
1328
1094
1073
538
646
543
1418
1304
584
1051
867
926
949
736
1042
556
650
909
672
832
686
929
820
620
485
1010
649
562
658
828
740
534
19
928
967
857
338
185
926
965
588
576
654
731
690
766
701
704
1042
515
1212
637
832
673
1365
932
734
865
718
390
948
852
779
375
1010
528
554
462
623
923
1022
1188
449
1048
1078
798
904
1231
678
599
808
512
1254
734
974
695
634
681
1162
545
978
992
916
776
852
547
802
1004
999
960
222
356
890
702
1028
499
878
802
994
1327
897
242
899
869
1068
830
628
938
1116
1000
992
655
810
726
943
889
506
208
1376
722
1107
673
1132
535
736
834
325
932
988
1290
650
1002
452
943
896
223
1297
848
542
286
1001
690
1108
600
848
828
860
722
1060
254
1510
984
1167
1117
338
768
1289
954
272
976
647
1015
474
571
542
670
1069
562
600
50
578
958
899
1010
692
302
1080
640
1028
765
1012
989
1117
848
806
1044
730
1210
874
1230
837
842
1044
773
715
774
940
914
942
547
636
644
197
750
642
295
574
582
710
804
512
595
1050
716
1281
429
699
745
655
841
919
1100
954
1139
1190
866
1228
596
1112
1109
672
437
816
766
310
1106
708
1086
816
866
1037
972
488
482
1080
1054
675
408
1003
859
711
524
754
1243
241
1149
856
588
474
928
1117
824
1330
1126
686
824
933
827
534
784
345
820
618
1338
700
298
908
854
1248
1202
618
1220
675
821
740
1218
779
816
615
1222
724
709
448
990
748
720
982
845
781
714
710
784
742
820
454
78
950
883
928
662
1183
334
586
748
968
1158
759
770
677
490
583
582
210
858
472
1502
848
814
762
1052
549
879
624
912
672
780
938
818
842
1150
865
224
690
978
987
905
937
696
342
946
980
954
802
650
255
982
1174
1180
704
697
975
449
415
775
930
684
838
959
1224
688
1230
847
984
922
872
660
510
988
884
602
992
794
900
624
798
846
904
546
730
470
310
1184
576
878
1264
974
950
555
844
954
530
924
618
906
1044
435
801
736
994
873
1000
624
1126
889
844
790
694
976
18
925
559
518
764
340
946
968
660
871
681
964
62
727
1081
234
994
528
932
704
1064
758
692
869
1090
606
1171
607
890
1014
945
992
843
1523
587
540
476
642
681
1020
780
906
838
665
1364
793
839
601
572
726
568
767
482
1107
1175
1082
799
806
959
462
671
576
559
484
246
832
846
941
812
678
1100
806
662
803
768
1033
302
747
632
770
345
983
612
798
972
620
850
422
562
550
1043
613
1010
800
720
1475
830
952
1221
964
1000
1002
1058
754
636
943
1185
804
888
568
1160
450
577
657
882
789
387
728
340
948
581
837
464
429
957
824
602
875
583
829
807
706
614
732
586
652
972
1028
721
959
746
858
936
868
856
674
960
1325
950
858
871
1026
1158
1082
1038
796
796
916
915
964
1272
644
798
492
1026
1162
1008
651
793
866
1076
991
698
835
210
1222
767
692
1142
559
754
1064
840
876
888
1090
916
1162
728
897
624
974
869
459
285
690
912
606
629
481
712
79
851
708
828
734
488
920
621
645
582
1248
1143
924
775
835
1020
650
224
882
1111
271
517
781
686
1013
575
456
1043
428
636
776
900
770
988
546
676
1082
1203
1163
733
164
666
865
536
864
490
1022
506
387
738
1153
705
628
1254
956
64
552
782
758
986
1066
882
1156
194
898
603
698
389
772
795
830
448
380
525
856
533
944
736
1034
1274
423
622
1058
1011
796
917
1276
810
582
780
1082
1298
846
904
968
711
492
1040
598
760
1092
671
658
228
766
1070
634
1210
695
1198
1052
822
1158
802
690
1162
879
782
973
1039
547
407
659
1213
989
834
1277
965
1029
542
1352
464
468
564
816
240
900
762
1206
576
749
729
856
386
843
384
414
392
951
1240
740
911
613
842
666
1040
187
652
673
1476
920
791
648
510
870
1085
842
384
980
632
944
614
1078
636
622
802
852
496
523
1198
784
652
324
777
917
1144
900
956
534
1041
1116
1400
904
580
904
776
732
416
926
678
778
917
651
1038
664
1024
756
718
1461
356
574
704
769
784
1052
814
775
944
1060
483
795
1294
1234
1025
370
908
552
730
518
495
1188
756
651
889
499
958
1003
734
789
792
553
546
1078
1271
722
1144
698
467
434
1049
915
778
1168
412
740
1219
386
689
1002
1049
689
1046
922
1287
592
928
594
1300
1097
422
749
606
970
1088
1105
1149
775
1191
1132
1043
982
1152
696
955
610
1204
1062
968
756
186
749
987
860
1160
778
1209
1206
810
1007
636
998
1290
1191
888
904
1004
1077
890
941
480
962
1032
1016
931
594
1068
743
884
594
1141
838
932
1003
782
866
690
1062
728
192
297
930
764
841
665
1351
1376
1459
740
685
1050
20
728
900
630
790
902
594
1040
927
941
992
1236
526
802
1236
532
572
710
582
1530
308
782
972
343
877
814
927
1035
408
1319
624
286
253
516
726
1476
148
732
564
642
904
959
588
1160
940
784
1042
750
1135
186
384
937
479
900
505
643
930
1009
548
722
522
431
740
1049
648
520
477
910
622
828
780
358
564
1237
998
1004
721
527
544
1008
1288
947
616
1537
176
1291
396
1346
843
1288
952
936
1230
674
794
137
1156
996
688
726
624
753
1334
862
860
208
778
1047
770
1018
1119
76
460
792
514
702
960
953
1041
1333
802
619
1169
914
1090
420
1140
992
874
1082
1054
606
734
1084
900
554
917
727
1214
881
1210
1103
984
790
1054
586
1016
666
897
1036
818
1412
905
749
1130
940
586
719
958
913
280
932
896
756
630
766
944
760
664
636
312
658
698
1078
654
858
614
590
612
1099
922
994
220
587
696
378
545
539
698
465
731
1048
1276
1424
646
834
716
514
942
972
298
1367
935
818
792
1182
776
1225
859
776
810
607
809
769
966
812
904
937
516
1416
1032
1092
1469
1241
1342
464
1086
998
852
1310
938
726
184
499
654
737
605
861
1058
1144
505
1034
371
944
1008
748
864
1088
1106
658
644
980
873
897
777
1080
1136
818
906
206
744
1386
776
1114
676
1004
516
837
867
778
998
674
409
964
945
700
1332
738
698
927
1126
722
1010
958
1018
912
838
683
679
645
927
764
994
284
788
759
527
560
1053
892
654
595
446
858
856
706
694
1175
679
414
486
1339
960
735
1389
610
627
932
751
600
555
1151
830
1026
931
956
370
980
1194
572
650
529
791
642
821
1192
603
723
1074
1271
628
596
810
1030
962
810
648
1030
692
1074
606
802
746
764
1002
688
260
1048
1183
1053
823
1034
1004
744
541
652
779
1084
620
632
731
1304
579
461
580
856
950
896
228
1189
874
392
552
267
828
606
498
937
1037
581
1085
520
750
832
555
700
614
945
632
824
628
612
340
834
914
996
469
854
805
556
784
50
909
975
889
822
1106
646
717
649
664
1198
1188
1120
581
920
1079
303
1040
774
558
294
868
971
516
896
538
1079
808
253
650
838
1502
1133
607
646
962
638
1082
860
686
470
737
669
779
1345
890
921
704
1026
326
990
882
1032
608
430
571
1100
671
652
611
594
1207
849
387
490
850
923
934
832
961
934
586
882
564
695
829
864
735
356
732
592
1399
769
850
938
794
686
762
496
802
282
1023
750
910
1024
374
604
854
864
348
970
829
960
505
1054
670
940
1215
1258
574
1326
331
648
1065
602
1160
1048
546
806
602
1054
737
758
623
1158
720
723
442
632
577
1250
594
815
1154
640
824
1066
1136
1102
962
924
701
304
536
988
594
1252
152
761
775
769
665
727
520
120
1332
677
936
571
1308
530
1048
973
804
500
426
853
576
579
614
460
949
788
1424
484
356
782
842
602
1333
928
1368
586
1044
934
800
802
918
331
765
663
936
1054
994
824
225
1019
770
1013
760
874
1046
524
1071
867
766
515
627
816
662
1155
758
860
840
622
970
822
946
307
1028
1110
551
796
561
810
652
1312
77
886
638
852
549
1008
414
610
792
730
1132
952
303
632
573
1048
1050
642
652
990
573
701
592
1257
747
968
994
760
995
416
772
1084
1066
908
240
798
562
1128
758
789
726
864
1002
1130
445
741
734
820
457
726
1328
766
688
640
516
1000
964
384
910
959
709
937
848
736
572
578
49
1344
580
768
548
879
596
840
900
981
1024
1008
804
364
1108
622
682
847
225
624
1182
80
937
512
462
803
646
1286
795
754
400
1002
903
1219
1072
888
504
686
862
803
940
798
933
1002
736
713
1176
1146
783
581
1098
1066
1044
997
974
909
626
798
977
1032
1186
992
1095
1180
594
886
646
836
919
735
1179
805
818
940
768
1097
492
971
1326
19
803
489
816
236
1003
482
1034
760
432
761
1074
1341
639
773
1141
736
940
668
505
1011
1014
694
1052
808
778
622
740
1366
802
222
1346
1154
1052
894
740
610
1185
1030
968
762
572
221
944
747
159
566
596
838
330
794
645
1147
1055
518
1245
1077
870
784
744
821
137
906
1198
464
601
443
602
458
1148
904
439
740
420
662
286
696
602
461
493
959
317
960
1075
654
547
899
1000
998
1018
586
1231
183
720
499
670
1221
1153
746
342
744
787
541
963
669
1110
606
202
646
676
446
1010
264
495
601
519
627
648
251
1104
708
421
796
172
908
1034
1074
1136
1151
1174
610
529
984
802
1248
878
1002
650
696
694
1142
482
921
907
916
699
602
862
618
616
386
1046
542
778
564
910
744
1248
840
622
885
1058
780
1238
602
856
605
798
978
861
898
132
1050
524
636
622
894
695
728
659
888
558
808
1452
915
638
718
1274
882
889
515
732
428
474
1022
887
541
1003
981
1112
965
847
1278
646
552
829
1126
1168
551
1022
608
705
664
1496
712
928
136
76
772
886
732
1061
824
996
1273
404
653
870
826
1128
615
536
610
532
988
1100
571
1186
939
808
1096
764
995
554
1093
1099
1037
1109
605
586
480
398
940
1000
776
534
547
598
1054
765
886
824
510
895
1111
465
1083
512
752
1268
528
810
508
211
1178
374
761
1332
1172
1240
769
346
688
820
924
878
979
1308
842
1023
634
1432
864
498
1188
362
864
956
402
533
746
657
794
707
240
924
412
1088
934
870
1089
636
764
973
1178
750
656
716
501
986
1203
1182
715
908
940
1092
970
1037
553
240
788
718
649
984
608
978
888
579
447
802
866
962
990
882
1256
1370
430
849
782
1028
971
678
814
282
601
389
756
692
984
644
878
692
528
936
956
1058
944
660
1216
856
902
712
72
748
902
834
1083
594
916
794
466
712
891
570
959
886
716
949
1156
504
772
945
868
175
885
795
926
1161
687
1082
778
957
706
778
627
706
818
687
289
344
631
1016
820
1128
255
1036
73
225
1069
842
863
1308
586
472
773
768
489
1045
941
802
723
863
836
780
1022
1262
769
1121
590
1038
892
1146
539
782
1033
537
1143
688
796
767
782
688
981
932
633
1024
672
560
464
1174
1134
634
974
683
950
943
1133
654
587
496
638
1028
631
839
1086
594
108
956
1020
1036
858
897
728
475
1506
449
782
794
430
960
602
779
840
834
472
770
996
211
732
862
875
968
1050
792
1208
789
474
738
647
866
744
932
870
754
707
900
676
939
975
798
1107
535
1132
1045
812
542
762
584
994
618
1039
1221
936
526
656
691
942
294
549
1372
870
822
963
818
760
637
600
1096
786
1096
537
542
835
1089
796
1008
835
1074
836
1328
656
815
1192
1108
1284
754
894
1346
704
808
1493
1182
1144
236
295
712
723
492
804
952
632
591
1237
698
433
568
554
78
692
1096
510
1045
752
542
1351
599
738
854
920
830
660
902
890
1218
596
628
1092
431
1065
548
786
240
521
242
868
48
327
836
938
872
1096
992
658
983
108
1006
206
880
644
602
422
870
623
494
730
1186
714
858
816
1316
398
795
558
710
928
766
640
1122
790
811
806
648
886
924
1108
1072
274
758
679
696
808
824
430
895
914
747
808
220
1246
698
689
626
994
736
956
389
670
303
1015
867
79
724
517
1192
606
1292
635
1112
1038
986
540
790
921
631
1280
490
978
654
741
890
704
1076
836
665
818
1147
656
1086
1187
430
942
817
672
688
767
1472
922
1000
1175
650
656
796
731
753
476
734
997
943
1108
1048
638
948
706
1132
660
542
776
452
542
1258
1164
664
686
1058
976
876
738
716
1350
1046
860
296
514
866
678
463
684
916
1042
359
712
886
728
1095
1104
871
1052
536
514
918
181
788
127
826
1146
996
927
572
930
1151
311
865
677
760
1171
552
992
732
814
486
688
930
614
510
849
816
774
1066
598
1188
1097
1077
480
835
860
1150
722
262
884
924
596
356
636
1010
654
298
743
817
350
991
1246
866
1320
766
801
992
423
564
255
651
968
1200
658
841
389
655
1120
729
1026
298
1206
728
1185
1125
672
934
536
598
938
846
950
947
252
830
837
805
1040
578
796
1184
653
412
1044
1360
1057
474
645
387
1030
1036
914
700
917
692
78
77
620
566
492
712
595
650
1254
847
714
1028
718
826
1219
414
879
889
1091
1108
794
620
776
512
1399
839
277
791
1272
953
811
789
741
184
1216
1192
784
602
374
819
1405
686
1066
814
1143
1142
1028
651
758
953
554
676
894
930
892
696
774
696
624
756
700
850
568
596
864
992
978
656
688
620
1138
758
727
988
905
480
1240
780
1084
908
1014
1048
927
593
1282
823
1051
154
590
883
618
890
646
132
224
986
827
1128
846
565
604
704
986
590
963
659
924
1110
870
1268
735
374
630
792
802
1036
805
799
1115
852
884
846
1228
432
977
1205
576
974
912
803
774
603
1053
422
520
503
662
701
609
754
1000
603
639
916
1177
690
726
706
1116
1053
1052
552
1038
1404
1004
873
633
270
971
1026
385
618
1036
1258
530
864
642
780
988
1000
1064
809
852
694
966
618
768
528
824
1132
828
680
34
686
1050
644
791
862
356
1168
949
1052
802
643
824
1038
558
608
538
174
795
605
548
571
854
720
492
650
705
852
834
492
960
616
786
342
777
952
727
940
966
914
921
752
483
670
939
624
1274
1017
596
795
583
772
661
811
793
1179
1088
983
853
1081
432
760
583
898
732
732
715
738
1008
704
1488
1092
446
604
1088
984
576
727
775
476
624
1265
744
1232
508
1074
439
962
632
450
1148
771
680
585
862
70
910
757
1080
834
668
758
486
554
934
668
1168
1096
19
78
676
742
938
1010
1130
951
840
902
716
680
654
1103
718
1022
682
651
561
1276
686
1091
810
670
1200
744
594
722
638
616
818
710
1218
272
715
490
1066
654
843
572
734
619
464
886
1086
528
636
79
628
577
65
1615
1113
693
598
692
484
1186
1700
856
880
1171
1072
1023
418
1084
801
984
525
836
852
1290
566
870
640
1146
766
779
990
666
764
840
570
791
512
1184
1304
620
818
440
1126
971
780
479
859
893
1348
658
391
992
552
684
1130
566
782
868
503
1226
986
436
738
942
1092
746
816
874
976
1013
758
740
701
639
1068
766
1126
707
954
542
607
172
774
566
735
476
564
794
644
859
551
370
859
196
822
745
978
400
834
715
858
374
1108
678
1000
834
666
889
618
1023
699
878
426
926
526
796
751
984
1184
1082
402
603
972
654
980
1279
768
674
1157
642
978
1079
772
776
774
924
1146
824
1010
958
824
842
647
1002
898
784
970
802
802
578
643
824
534
1008
1482
452
1056
568
740
828
636
704
937
720
624
651
883
1468
448
828
922
798
1088
1076
877
1094
308
211
744
596
966
544
936
967
764
478
1004
1218
664
652
1430
886
816
966
1206
750
520
682
746
1110
781
638
699
465
860
727
824
578
939
856
730
1238
1241
994
400
472
572
649
738
430
1399
599
506
1399
949
1106
662
18
610
874
746
538
1280
839
556
936
863
608
1042
768
1000
1110
696
726
1186
1142
953
1080
870
613
399
1005
878
424
686
663
1283
1145
1524
684
988
710
902
849
921
1004
1243
814
927
672
568
632
809
636
870
686
599
860
240
930
322
790
182
892
402
1487
928
646
651
389
882
708
1021
1142
965
947
800
1388
770
550
1268
1064
862
875
684
840
634
638
835
980
1182
625
1056
430
1312
831
332
908
742
910
966
666
724
835
608
769
586
898
975
790
1116
300
880
628
715
578
602
689
863
502
568
610
664
846
1039
921
846
784
591
796
1381
580
844
1080
826
935
42
719
1103
862
903
662
1007
800
563
1278
1048
1199
902
607
607
1058
908
742
960
840
802
615
790
782
622
928
454
802
870
1054
508
808
490
1098
1059
752
432
346
1001
832
917
618
876
698
599
760
880
1180
574
507
904
762
686
1120
1109
546
563
735
689
748
229
932
1120
1230
853
1102
827
653
784
638
1073
680
1008
553
18
482
582
518
490
620
795
1218
212
324
1001
796
976
407
526
830
854
730
556
754
1185
440
528
770
912
1430
806
1222
995
683
669
671
877
1065
820
1018
868
881
967
893
642
1017
989
899
950
686
962
786
1246
710
1100
493
964
856
592
930
1069
846
